400.20801	185.84564
402.02802	153.82156
403.84698	133.25229
405.66699	135.92947
407.48499	144.84171
409.30301	158.13165
411.121	170.11105
412.93799	170.06056
414.755	161.32275
416.57101	150.7653
418.38699	136.65955
420.202	134.41354
422.017	130.27237
423.832	130.09601
425.64499	134.76096
427.45901	142.69678
429.272	152.40607
431.08401	162.06914
432.896	162.50793
434.707	163.89729
436.51801	163.05511
438.32901	166.07158
440.13901	174.68816
441.948	187.9113
443.75699	205.647
445.56601	224.31131
447.37399	232.3353
449.18201	239.06747
450.98901	249.57997
452.79599	259.91431
454.60199	270.91922
456.40701	280.4375
458.21301	283.92239
460.017	277.57297
461.82199	259.58868
463.62601	239.12444
465.42899	218.13632
467.23199	196.7657
469.034	184.11284
470.836	181.51071
472.63699	180.98743
474.43799	185.33649
476.23901	193.25328
478.039	201.53552
479.83801	199.21521
481.63699	192.57726
483.436	185.55399
485.23401	179.68385
487.03201	168.03317
488.82901	158.12816
490.625	149.47559
492.422	141.84898
494.21701	130.06862
496.013	128.81424
497.80701	134.78917
499.60199	147.39397
501.396	154.19646
503.189	156.83226
504.98199	159.54279
506.77399	158.61855
508.56601	154.78783
510.358	154.84409
512.14899	151.84924
513.93903	143.2215
515.729	115.31815
517.51898	82.546425
519.30798	58.86079
521.09698	38.753895
522.88501	29.135599
524.672	31.073736
526.46002	38.247154
528.24597	41.881168
530.03302	34.384361
531.81897	26.226549
533.604	17.908716
535.38898	7.172533
537.17297	0.28614062
538.95697	-2.523694
540.74103	-0.69185537
542.52399	3.2039077
544.30603	9.1812849
546.08801	13.951221
547.87	17.211929
549.651	24.018351
551.43201	29.480932
553.21198	36.936249
554.992	45.814812
556.771	55.573776
558.54999	63.444866
560.328	73.487099
562.10602	94.072258
563.883	125.1414
565.65997	166.19366
567.43701	216.52779
569.21301	260.0799
570.98798	293.81583
572.763	303.68054
574.53802	296.87949
576.31201	276.03177
578.086	243.3781
579.85901	216.43349
581.63202	191.45674
583.40399	167.89127
585.17603	153.13402
586.94702	135.94148
588.71802	122.60051
590.48901	108.29764
592.25897	96.985168
594.02802	97.562378
595.797	101.12234
597.56598	108.54702
599.33398	123.45718
601.10199	140.71265
602.86902	160.68539
604.63599	182.31197
606.40198	217.34962
608.16803	263.75818
609.93298	313.38324
611.698	352.49033
613.46198	378.61554
615.22601	387.41382
616.98999	375.15857
618.75299	350.54797
620.51599	331.06097
622.27802	316.07324
624.039	310.74402
625.80103	305.78076
627.56097	303.86411
629.32202	310.35834
631.08197	329.41602
632.841	364.50653
634.59998	429.2511
636.35797	525.28003
638.11603	651.35614
639.87402	789.06342
641.63098	918.14886
643.388	1026.1405
645.14398	1092.7515
646.89899	1097.4465
648.65503	1046.1783
650.40997	954.22046
652.164	843.30719
653.91803	731.78516
655.67102	636.75757
657.42401	578.59894
659.177	546.02527
660.92902	538.0285
662.67999	560.57135
664.43201	623.59088
666.18201	735.13477
667.93298	903.62457
669.68201	1130.9186
671.43201	1405.8971
673.18103	1678.9884
674.92902	1926.8768
676.677	2119.2754
678.42499	2221.3181
680.172	2212.5
681.91803	2103.2693
683.664	1910.4105
685.40997	1663.9723
687.15503	1386.2045
688.90002	1130.5247
690.64502	921.74384
692.38898	766.62415
694.13202	664.07092
695.875	607.69379
697.61798	575.94427
699.35999	561.97516
701.10101	549.86731
702.84302	548.42816
704.58301	542.95599
706.32397	535.52026
708.06299	522.02106
709.80298	495.04596
711.54199	453.9841
713.28003	415.93433
715.01801	381.77536
716.75598	366.3981
718.49298	366.45453
720.22998	389.30838
721.966	428.46954
723.70203	472.53821
725.43701	519.87408
727.172	566.65631
728.90698	602.18542
730.64099	626.60126
732.37402	635.16223
734.10699	627.08832
735.84003	596.91541
737.57202	553.25177
739.30402	508.77625
741.03497	468.0072
742.76599	439.35013
744.49701	436.8298
746.22699	459.17072
747.95599	503.49805
749.685	556.29126
751.414	619.80157
753.14203	676.83148
754.87	717.03674
756.59698	734.56873
758.32397	735.31055
760.05103	719.45648
761.77698	691.4101
763.50201	655.03986
765.22699	619.64423
766.95203	576.26123
768.67603	529.77435
770.40002	484.3855
772.12299	439.42712
773.84601	403.19022
775.56799	375.65863
777.28998	363.46558
779.01202	371.37271
780.73297	396.84042
782.45398	446.25589
784.17401	518.29889
785.89398	597.27216
787.61298	678.78363
789.33197	742.12976
791.05103	777.45892
792.76898	778.81964
794.48602	750.79828
796.203	708.10522
797.91998	662.86798
799.63599	622.74969
801.35199	591.31317
803.06702	554.78973
804.78198	516.00336
806.49701	466.06247
808.211	412.9071
809.92401	362.90454
811.638	323.03412
813.34998	292.03018
815.06299	271.44287
816.77502	251.28156
818.48602	240.10944
820.19702	225.46411
821.90802	211.4901
823.61798	201.45828
825.32703	196.61533
827.03699	189.2012
828.745	186.21429
830.45398	183.3701
832.16199	186.06833
833.86902	188.526
835.57599	187.77937
837.28302	188.66959
838.98901	186.57883
840.69501	181.05902
842.40002	174.49541
844.10498	170.06923
845.80902	173.59755
847.513	183.21181
849.21698	194.42563
850.91998	210.95793
852.62299	226.52386
854.32501	252.46007
856.02698	284.54623
857.72803	333.75861
859.42902	403.19183
861.13	483.88113
862.83002	573.31079
864.53003	655.7099
866.229	719.92188
867.92798	769.10217
869.62598	797.48029
871.32397	814.82111
873.021	824.4292
874.71802	818.90894
876.41498	804.12286
878.11102	762.88702
879.80701	701.02063
881.50201	629.9671
883.19702	556.91467
884.89203	492.65024
886.586	439.96881
888.27899	391.18118
889.97302	346.86508
891.66498	296.47607
893.35797	247.16086
895.04999	206.20105
896.74103	173.07277
898.43201	151.436
900.12299	136.46552
901.81299	125.46484
903.50299	116.88573
905.19202	110.64645
906.88098	110.35975
908.56897	112.14272
910.25702	109.13112
911.94501	106.90324
913.63202	105.82085
915.31897	114.96347
917.005	136.03758
918.69098	176.7506
920.37701	233.85327
922.06201	294.79306
923.74597	349.99835
925.42999	401.7688
927.11401	445.85883
928.797	488.8905
930.47998	524.57196
932.16302	555.88965
933.84497	574.64374
935.52698	573.21759
937.20801	549.45251
938.88898	506.09842
940.56897	446.98062
942.24902	381.88202
943.92798	310.35904
945.60699	240.5293
947.28601	175.80942
948.96399	121.15022
950.64203	84.395744
952.32001	64.581017
953.99701	62.614861
955.67297	72.175522
957.349	83.818794
959.02502	92.265312
960.70001	93.48539
962.375	86.795235
964.04901	78.80191
965.72302	69.598686
967.39697	63.379951
969.07001	60.597424
970.74298	59.515842
972.41498	63.479939
974.08698	73.473679
975.75897	84.872856
977.42999	98.042992
979.09998	111.10194
980.77002	120.08546
982.44	122.86097
984.10999	118.24329
985.77899	114.1637
987.44702	111.18195
989.11499	105.6619
990.78302	94.606209
992.45001	86.757858
994.117	80.96109
995.78302	77.935387
997.44897	80.497368
999.11499	92.319298
1000.78	104.19948
1002.45	115.80519
1004.11	123.48726
1005.77	136.67688
1007.44	147.9565
1009.1	161.03543
1010.76	176.52603
1012.42	194.1161
1014.09	202.82727
1015.75	210.15338
1017.41	217.45222
1019.07	225.92909
1020.73	222.26511
1022.39	220.45537
1024.05	219.70653
1025.71	221.45975
1027.37	219.18649
1029.02	214.58818
1030.6801	213.33167
1032.34	209.71681
1034	193.53798
1035.65	181.95276
1037.3101	176.78484
1038.96	182.14087
1040.62	197.97105
1042.27	221.38388
1043.9301	253.11789
1045.58	282.68842
1047.24	303.19482
1048.89	317.48322
1050.54	321.57693
1052.1899	313.87595
1053.85	301.26202
1055.5	285.99368
1057.15	266.13376
1058.8	244.88881
1060.45	228.66284
1062.1	219.53677
1063.75	212.92094
1065.4	207.3145
1067.05	211.65628
1068.6899	219.51907
1070.34	220.38354
1071.99	213.49452
1073.64	210.84224
1075.28	213.70096
1076.9301	222.22194
1078.5699	241.91396
1080.22	277.72015
1081.86	320.02292
1083.51	351.86984
1085.15	368.11002
1086.8	380.01529
1088.4399	383.1076
1090.08	377.28812
1091.73	370.94968
1093.37	363.37827
1095.01	361.0144
1096.65	350.89432
1098.29	336.28329
1099.9301	328.25003
1101.5699	320.94397
1103.21	311.65433
1104.85	302.72122
1106.49	288.46533
1108.13	276.61765
1109.77	258.56125
1111.4	240.00191
1113.04	230.2395
1114.6801	224.30234
1116.3101	223.33205
1117.95	228.76518
1119.58	238.49976
1121.22	253.10475
1122.85	269.55859
1124.49	286.57071
1126.12	300.32599
1127.76	307.12622
1129.39	306.18167
1131.02	303.08566
1132.65	296.07544
1134.29	287.05817
1135.92	278.38126
1137.55	268.75778
1139.1801	254.21985
1140.8101	245.18579
1142.4399	232.10327
1144.0699	227.40964
1145.7	224.86325
1147.33	223.02489
1148.95	222.3347
1150.58	220.99203
1152.21	213.29305
1153.84	202.54118
1155.46	181.50816
1157.09	170.31013
1158.72	162.93765
1160.34	157.35341
1161.97	155.47354
1163.59	159.36835
1165.21	160.8667
1166.84	155.23468
1168.46	150.09209
1170.09	152.04755
1171.71	160.65326
1173.33	169.51485
1174.95	184.64212
1176.5699	208.53809
1178.1899	235.61766
1179.8101	257.33392
1181.4301	276.67035
1183.05	287.35782
1184.67	297.51242
1186.29	297.29999
1187.91	299.94461
1189.53	304.31815
1191.15	311.17902
1192.77	316.18661
1194.38	320.27924
1196	321.20789
1197.62	325.81595
1199.23	326.98749
1200.85	329.94684
1202.46	330.8212
1204.08	328.89282
1205.6899	320.42377
1207.3	309.49625
1208.92	296.21344
1210.53	284.41382
1212.14	274.94482
1213.76	269.01495
1215.37	272.68539
1216.98	285.37814
1218.59	303.67145
1220.2	334.50043
1221.8101	368.73239
1223.42	402.21811
1225.03	431.77731
1226.64	451.76318
1228.25	472.00668
1229.86	489.93408
1231.46	506.19983
1233.0699	531.18738
1234.6801	555.97223
1236.29	581.57166
1237.89	601.36389
1239.5	611.24744
1241.1	617.37219
1242.71	616.44153
1244.3101	610.10907
1245.92	610.22046
1247.52	608.60791
1249.13	611.06415
1250.73	611.17224
1252.33	609.4527
1253.9301	601.02576
1255.54	591.96411
1257.14	580.16315
1258.74	574.01617
1260.34	564.86566
1261.9399	564.4043
1263.54	564.0094
1265.14	560.55219
1266.74	547.40076
1268.34	534.27185
1269.9399	514.78748
1271.53	497.21411
1273.13	478.66568
1274.73	472.50308
1276.33	466.75677
1277.92	463.54077
1279.52	462.62415
1281.11	463.6788
1282.71	462.28238
1284.3101	468.90344
1285.9	480.66074
1287.49	497.90033
1289.09	508.33627
1290.6801	513.77802
1292.27	512.90918
1293.87	497.1272
1295.46	469.47009
1297.05	442.79196
1298.64	423.87067
1300.23	408.89981
1301.8199	397.15112
1303.42	398.19708
1305.01	409.91379
1306.59	421.30319
1308.1801	433.33688
1309.77	443.0488
1311.36	452.77884
1312.95	454.78088
1314.54	448.29391
1316.12	445.81015
1317.71	443.10156
1319.3	442.54037
1320.88	443.76471
1322.47	444.7449
1324.05	449.23572
1325.64	456.20377
1327.22	461.30396
1328.8101	476.4527
1330.39	496.78516
1331.98	528.92377
1333.5601	563.02539
1335.14	598.67902
1336.72	631.75592
1338.3101	662.7547
1339.89	685.43536
1341.47	710.53595
1343.05	736.17352
1344.63	767.85895
1346.21	801.27179
1347.79	835.70868
1349.37	873.22443
1350.95	917.73328
1352.52	961.70447
1354.1	1011.9144
1355.6801	1066.1106
1357.26	1122.1433
1358.83	1177.9081
1360.41	1223.4658
1361.99	1259.1334
1363.5601	1275.6281
1365.14	1269.1565
1366.71	1237.9952
1368.29	1189.9264
1369.86	1132.3868
1371.4399	1074.7582
1373.01	1017.9296
1374.58	968.89355
1376.16	923.40894
1377.73	885.30823
1379.3	844.82263
1380.87	814.01721
1382.4399	796.00867
1384.01	789.14813
1385.58	791.5675
1387.15	806.47687
1388.72	828.86029
1390.29	854.76068
1391.86	879.09662
1393.4301	912.03223
1395	953.45929
1396.5699	993.10724
1398.13	1031.3341
1399.7	1071.3622
1401.27	1114.4431
1402.83	1167.2462
1404.4	1241.4373
1405.97	1346.3041
1407.53	1471.2181
1409.1	1602.97
1410.66	1737.7194
1412.22	1864.8634
1413.79	1982.7856
1415.35	2088.5132
1416.91	2184.4919
1418.48	2259.4431
1420.04	2291.3828
1421.6	2280.2605
1423.16	2237.6729
1424.72	2163.228
1426.28	2070.8149
1427.84	1963.5784
1429.4	1852.501
1430.96	1741.9702
1432.52	1629.9716
1434.08	1531.3203
1435.64	1464.1719
1437.2	1423.0724
1438.76	1406.8245
1440.3101	1404.1249
1441.87	1403.37
1443.4301	1406.2371
1444.98	1403.9253
1446.54	1397.6255
1448.09	1396.6439
1449.65	1396.9635
1451.2	1398.3724
1452.76	1396.2419
1454.3101	1387.4968
1455.86	1377.1025
1457.42	1359.1919
1458.97	1329.8066
1460.52	1295.4674
1462.08	1255.0715
1463.63	1209.8156
1465.1801	1161.3193
1466.73	1118.2638
1468.28	1079.9244
1469.83	1034.7515
1471.38	982.48358
1472.9301	927.24536
1474.48	867.92664
1476.03	805.83661
1477.58	747.7298
1479.12	700.00092
1480.67	655.93671
1482.22	604.50262
1483.77	553.91608
1485.3101	505.54456
1486.86	462.68631
1488.4	427.72379
1489.95	403.52634
1491.49	392.29541
1493.04	384.11664
1494.58	376.52728
1496.13	371.95602
1497.67	369.40662
1499.21	370.51184
1500.76	376.23029
1502.3	381.11676
1503.84	393.22147
1505.38	403.16238
1506.9301	410.06982
1508.47	413.53525
1510.01	416.69409
1511.55	414.97302
1513.09	407.75027
1514.63	390.11618
1516.17	370.04224
1517.7	345.48682
1519.24	318.21344
1520.78	296.29434
1522.3199	288.33148
1523.86	287.51846
1525.39	291.41483
1526.9301	301.10962
1528.47	310.01547
1530	319.83618
1531.54	327.03632
1533.0699	335.13235
1534.61	341.3205
1536.14	342.55954
1537.6801	343.44708
1539.21	347.55936
1540.74	352.96411
1542.28	365.9949
1543.8101	383.48236
1545.34	409.29288
1546.87	433.25943
1548.41	460.76633
1549.9399	489.26315
1551.47	513.13812
1553	535.56903
1554.53	552.41516
1556.0601	564.34778
1557.59	577.22772
1559.12	582.07007
1560.64	586.94006
1562.17	585.93872
1563.7	579.88843
1565.23	576.64948
1566.76	572.18152
1568.28	576.56226
1569.8101	585.58734
1571.33	595.56995
1572.86	605.35486
1574.39	607.87054
1575.91	602.09229
1577.4399	591.95245
1578.96	577.95465
1580.48	567.13458
1582.01	553.41565
1583.53	542.44836
1585.05	527.388
1586.58	508.09546
1588.1	483.59448
1589.62	461.28494
1591.14	448.55176
1592.66	447.12796
1594.1801	454.19962
1595.7	463.08429
1597.22	469.19778
1598.74	471.56628
1600.26	465.74197
1601.78	460.33557
1603.3	455.75299
1604.8199	446.7276
1606.34	435.2236
1607.85	414.85403
1609.37	396.65729
1610.89	383.8717
1612.4	377.38608
1613.92	382.513
1615.4399	390.49585
1616.95	393.52386
1618.47	398.41245
1619.98	398.88651
1621.5	399.34851
1623.01	407.95764
1624.52	420.97375
1626.04	438.04147
1627.55	455.37897
1629.0601	470.26581
1630.5699	491.2431
1632.09	512.7818
1633.6	534.04535
1635.11	568.53241
1636.62	605.51617
1638.13	647.11829
1639.64	686.92932
1641.15	721.45203
1642.66	752.83167
1644.17	777.55621
1645.6801	793.48157
1647.1801	805.30176
1648.6899	802.34808
1650.2	791.74689
1651.71	763.21924
1653.21	717.20172
1654.72	661.15039
1656.23	602.35144
1657.73	543.62415
1659.24	490.84219
1660.74	443.54474
1662.25	416.57114
1663.75	394.60223
1665.26	375.39816
1666.76	365.04465
1668.26	351.65866
1669.77	337.94501
1671.27	329.72195
1672.77	324.68112
1674.27	331.71237
1675.78	331.5578
1677.28	328.64465
1678.78	320.14557
1680.28	294.73273
1681.78	268.43777
1683.28	247.33209
1684.78	228.45219
1686.28	218.55913
1687.78	211.41196
1689.27	210.95447
1690.77	209.82288
1692.27	203.30222
1693.77	197.18356
1695.26	188.85875
1696.76	172.92566
1698.26	160.83998
1699.75	155.73499
1701.25	158.10843
1702.74	167.56427
1704.24	174.57336
1705.73	183.68903
1707.23	186.07245
1708.72	177.25429
1710.22	164.23427
1711.71	151.88943
1713.2	140.23201
1714.6899	135.12242
1716.1899	132.2449
1717.6801	138.82083
1719.17	144.00208
1720.66	148.15999
1722.15	144.55711
1723.64	135.72842
1725.13	121.08307
1726.62	110.53223
1728.11	105.38135
1729.6	110.9259
1731.09	121.03808
1732.58	145.8026
1734.0699	169.17978
1735.55	184.48946
1737.04	198.70824
1738.53	216.14445
1740.01	232.54596
1741.5	251.2323
1742.99	272.46664
1744.47	314.37051
1745.96	364.10556
1747.4399	417.91092
1748.9301	488.81476
1750.41	565.35333
1751.89	631.5105
1753.38	682.74591
1754.86	719.27612
1756.34	741.34619
1757.83	739.63159
1759.3101	721.16821
1760.79	690.14166
1762.27	641.73419
1763.75	577.47632
1765.23	505.85132
1766.71	439.70175
1768.1899	378.12054
1769.67	327.23343
1771.15	300.83661
1772.63	285.54602
1774.11	278.95911
1775.59	272.47693
1777.0699	258.72
1778.55	233.10097
1780.02	196.24509
1781.5	161.64682
1782.98	140.07713
1784.45	124.76838
1785.9301	120.74289
1787.4	120.12843
1788.88	118.13953
1790.36	105.83381
1791.83	84.713577
1793.3	63.960854
1794.78	46.307579
1796.25	30.463488
1797.72	17.395243
1799.2	6.1178746
1800.67	-0.0040388964
