400.35501	1449.7465
402.17499	1469.8911
403.99399	1427.0167
405.81299	1416.371
407.63101	1387.2246
409.44901	1351.2858
411.26599	1342.1801
413.08301	1333.5156
414.89899	1317.4197
416.715	1336.7958
418.53	1312.9572
420.345	1322.7069
422.16	1298.5348
423.974	1254.0048
425.78699	1221.84
427.60001	1192.8656
429.41299	1156.7999
431.22501	1143.8529
433.03601	1130.4314
434.84698	1133.105
436.65799	1138.2806
438.46799	1142.9821
440.27701	1154.8184
442.08701	1159.6277
443.89499	1164.1671
445.703	1142.7891
447.51099	1093.9906
449.31799	1054.887
451.125	1020.3673
452.931	1029.6543
454.737	1054.8202
456.543	1072.5399
458.34698	1094.2415
460.15201	1110.3263
461.95599	1091.2828
463.759	1072.7651
465.56201	1028.2642
467.36401	964.26703
469.16599	932.88031
470.96799	936.24701
472.76901	929.69714
474.57001	942.43787
476.37	943.52136
478.16901	966.56335
479.96799	956.99945
481.767	895.27972
483.565	875.91602
485.36301	875.43164
487.16	867.26422
488.957	853.79846
490.75299	856.12622
492.54901	855.99542
494.34399	857.83099
496.13901	836.93115
497.93399	801.20862
499.728	781.5564
501.521	718.1615
503.314	673.4248
505.10599	658.1828
506.89899	607.39386
508.69	649.41742
510.48099	647.3761
512.27197	668.17029
514.06201	691.93994
515.85199	628.29364
517.64099	606.25092
519.42999	572.62415
521.21802	540.70392
523.00598	561.36389
524.79303	541.77417
526.58002	570.54401
528.36603	615.17267
530.15198	634.06946
531.93799	706.1781
533.72198	758.80975
535.50702	834.50433
537.29102	890.85864
539.07501	902.10895
540.85797	937.18353
542.64001	989.44989
544.42297	1035.9747
546.20398	1121.5712
547.98499	1173.3025
549.76599	1254.609
551.54602	1298.9956
553.32599	1326.2689
555.10602	1393.0842
556.88501	1451.0426
558.66302	1471.5269
560.44098	1493.146
562.21802	1483.7616
563.99597	1487.7479
565.77197	1467.3094
567.54797	1468.4158
569.32397	1460.7771
571.099	1450.0323
572.87402	1399.8854
574.64801	1391.4186
576.422	1388.5846
578.19501	1370.1368
579.96802	1351.5983
581.73999	1310.3864
583.51202	1246.6891
585.284	1161.572
587.05499	1100.6379
588.82501	1075.1125
590.59497	1027.5179
592.36499	954.66351
594.13397	896.36041
595.90302	817.72858
597.67102	778.00262
599.43903	723.35864
601.20599	702.82074
602.97302	688.20898
604.73901	658.19598
606.505	693.55499
608.27002	772.40082
610.03497	867.72723
611.79999	965.71124
613.56403	988.84418
615.328	977.67834
617.091	886.7132
618.85303	772.41162
620.61603	707.34686
622.37701	601.65765
624.13898	510.11789
625.90002	433.60583
627.65997	402.17355
629.41998	405.5849
631.17902	419.6774
632.93799	483.25095
634.69702	572.71991
636.45502	628.62793
638.21301	715.67456
639.96997	849.46741
641.72699	1015.9916
643.48297	1144.1575
645.23901	1194.8091
646.99402	1171.1888
648.74902	1114.4172
650.50299	972.75598
652.25702	852.76898
654.01099	741.13757
655.76398	682.89282
657.51703	634.77789
659.26898	624.44385
661.02002	638.31921
662.77197	676.31824
664.52197	713.80109
666.27301	809.14758
668.02301	926.94635
669.77197	1033.2926
671.521	1170.1353
673.27002	1318.1781
675.01801	1450.1483
676.76501	1527.4403
678.51202	1541.8065
680.25897	1512.4717
682.005	1450.9467
683.75098	1324.2715
685.49701	1186.2142
687.242	1040.1245
688.98602	946.00537
690.72998	837.85162
692.474	755.05774
694.21698	740.29071
695.95898	739.8548
697.70099	769.30994
699.44299	744.01263
701.18402	719.78125
702.92499	687.07831
704.66602	623.44849
706.40601	587.0238
708.14502	577.96436
709.88397	554.77948
711.62299	544.91925
713.36102	520.75726
715.099	513.11926
716.836	512.93683
718.573	544.44769
720.30902	576.34924
722.04498	646.86121
723.78003	708.02002
725.51501	757.13501
727.25	799.26318
728.98401	815.16821
730.71802	788.27631
732.45099	734.90942
734.18298	653.62646
735.91602	597.4895
737.64801	523.46191
739.37903	487.96411
741.10999	458.46204
742.841	457.47058
744.57098	441.84445
746.29999	432.29788
748.02899	436.47836
749.758	458.09589
751.48602	444.42917
753.21399	446.70642
754.94202	483.16132
756.66901	500.1109
758.39502	521.0141
760.12097	560.7533
761.84698	579.3103
763.57202	595.16803
765.297	578.86523
767.021	528.50336
768.745	512.88611
770.46802	411.24393
772.19098	345.22586
773.914	284.23309
775.63599	225.86539
777.35797	225.02602
779.07898	234.95419
780.79901	213.06596
782.52002	201.11523
784.23999	163.33501
785.95898	156.31403
787.67798	152.18906
789.39697	166.68712
791.11499	195.33849
792.83197	224.49336
794.54999	233.59492
796.26599	235.95485
797.98297	261.51694
799.69897	303.15811
801.414	286.42868
803.12903	288.57764
804.84399	244.28139
806.55798	215.09889
808.271	174.77917
809.98499	178.41454
811.698	186.84384
813.40997	189.9285
815.12201	163.94762
816.83301	188.68753
818.54401	183.88593
820.255	176.33971
821.96503	130.76904
823.67499	150.61011
825.38397	164.37009
827.09302	159.56259
828.802	160.30109
830.51001	164.61185
832.21698	147.32745
833.92401	127.7915
835.63098	106.24685
837.33698	138.94194
839.04303	146.5549
840.74799	145.48979
842.453	165.79228
844.15802	137.63139
845.862	103.78844
847.56598	71.17939
849.26898	80.276855
850.97198	121.21905
852.67401	140.8204
854.37598	197.52147
856.07703	307.52271
857.77802	400.3678
859.479	520.37354
861.17902	599.76154
862.87903	692.80731
864.578	812.59045
866.27698	841.58252
867.97601	863.48669
869.67401	858.56616
871.37097	801.59448
873.06799	738.12561
874.76501	653.58301
876.461	598.21045
878.15698	595.09369
879.85303	552.70392
881.54797	545.91785
883.242	543.58282
884.93597	519.28253
886.63	486.74438
888.323	425.84839
890.01599	403.83133
891.70801	401.29614
893.40002	414.15894
895.09198	453.29916
896.78302	569.1463
898.474	644.27478
900.164	676.12836
901.854	698.26263
903.54303	704.87891
905.23199	706.80286
906.92102	739.00305
908.60901	791.39136
910.297	930.04822
911.98401	1000.5766
913.67102	1088.1743
915.35699	1219.5706
917.04303	1308.5681
918.729	1397.3794
920.414	1524.1364
922.09802	1641.8372
923.78302	1788.6117
925.466	1859.1627
927.15002	1930.7346
928.83301	1964.642
930.51501	1983.4894
932.198	1956.2094
933.87903	1922.3657
935.56097	1885.4563
937.24103	1815.2891
938.922	1740.6624
940.60199	1616.4648
942.28101	1511.7805
943.961	1451.2285
945.63898	1366.0857
947.31799	1256.0723
948.99597	1254.6746
950.67297	1216.465
952.34998	1241.6576
954.02698	1245.4694
955.703	1237.7495
957.37903	1211.1301
959.05402	1141.65
960.729	1056.3524
962.40302	1047.4841
964.07703	1021.816
965.75098	1032.5151
967.42401	1082.2587
969.09698	1073.1067
970.77002	1079.2017
972.44098	1057.4551
974.11298	1028.4686
975.784	1018.9085
977.45502	994.78973
979.125	1001.2701
980.79498	1028.2262
982.46399	1052.084
984.133	1088.6703
985.802	1056.3768
987.46997	1028.9286
989.138	981.94025
990.80499	956.72296
992.47198	980.50659
994.13898	1030.3977
995.80499	1114.3254
997.47101	1149.1233
999.13599	1171.2605
1000.8	1171.8484
1002.47	1121.6619
1004.13	1108.0223
1005.79	1105.5527
1007.46	1123.4481
1009.12	1126.3848
1010.78	1126.9355
1012.44	1174.8888
1014.1	1154.7865
1015.77	1100.0676
1017.43	1081.5062
1019.09	1081.0267
1020.75	1092.3188
1022.41	1082.74
1024.0601	1136.371
1025.72	1178.8048
1027.38	1227.4298
1029.04	1222.3489
1030.7	1225.0649
1032.35	1245.5447
1034.01	1266.4851
1035.67	1242.5038
1037.3199	1275.1086
1038.98	1266.3177
1040.63	1288.8014
1042.29	1307.275
1043.9399	1319.9279
1045.59	1335.3031
1047.25	1364.7026
1048.9	1370.7449
1050.55	1420.0205
1052.2	1435.847
1053.86	1429.8872
1055.51	1470.9724
1057.16	1501.6602
1058.8101	1525.7493
1060.46	1522.5193
1062.11	1531.1279
1063.76	1539.261
1065.4	1565.5309
1067.05	1592.785
1068.7	1649.7924
1070.35	1696.0641
1072	1748.4872
1073.64	1771.1937
1075.29	1803.3053
1076.9301	1827.2843
1078.58	1855.396
1080.22	1922.167
1081.87	1946.01
1083.51	1963.4998
1085.16	1954.1826
1086.8	1941.9193
1088.4399	1907.5265
1090.09	1887.3353
1091.73	1832.8679
1093.37	1792.0676
1095.01	1766.1033
1096.65	1689.8663
1098.29	1566.0748
1099.9301	1500.673
1101.5699	1425.8982
1103.21	1351.51
1104.85	1295.026
1106.49	1234.1779
1108.13	1209.3951
1109.76	1120.4758
1111.4	1043.2595
1113.04	1003.676
1114.67	979.34943
1116.3101	946.32452
1117.95	931.01849
1119.58	922.86487
1121.22	922.49323
1122.85	893.42645
1124.48	866.29919
1126.12	883.59454
1127.75	885.35889
1129.38	844.18866
1131.02	828.55237
1132.65	822.78058
1134.28	835.22064
1135.91	804.72913
1137.54	824.51099
1139.17	818.15912
1140.8	767.05719
1142.4301	706.43677
1144.0601	688.07611
1145.6899	667.03979
1147.3199	662.31879
1148.9399	639.26691
1150.5699	664.62494
1152.2	607.96936
1153.83	594.5481
1155.45	583.92883
1157.08	650.36896
1158.7	698.35126
1160.33	741.12921
1161.95	739.4621
1163.58	743.7157
1165.2	684.63348
1166.8199	659.03278
1168.45	623.23364
1170.0699	650.00006
1171.6899	644.914
1173.3101	665.5592
1174.9399	703.83057
1176.5601	719.23651
1178.1801	696.52246
1179.8	720.72156
1181.42	735.13354
1183.04	721.13831
1184.66	706.93018
1186.28	678.51886
1187.89	657.2699
1189.51	629.92407
1191.13	591.02356
1192.75	616.81152
1194.36	632.90045
1195.98	635.81342
1197.59	643.24805
1199.21	602.42169
1200.83	592.36102
1202.4399	601.55835
1204.05	603.16565
1205.67	634.65479
1207.28	621.40192
1208.9	634.55804
1210.51	609.11377
1212.12	578.01227
1213.73	596.39514
1215.34	611.49188
1216.95	644.37671
1218.5699	671.16077
1220.1801	657.77686
1221.79	648.96149
1223.4	638.38342
1225	630.30847
1226.61	643.88666
1228.22	634.0918
1229.83	630.97272
1231.4399	635.91809
1233.04	647.46307
1234.65	678.98462
1236.26	712.4798
1237.86	744.19788
1239.47	772.97528
1241.0699	762.74994
1242.6801	793.00665
1244.28	790.37897
1245.89	819.53235
1247.49	850.5531
1249.09	797.76532
1250.7	804.18726
1252.3	800.48029
1253.9	824.61432
1255.5	858.58722
1257.11	854.65857
1258.71	908.51141
1260.3101	906.6189
1261.91	894.62305
1263.51	947.73071
1265.11	951.06793
1266.7	982.42773
1268.3	971.82135
1269.9	969.19366
1271.5	1010.0758
1273.1	1014.1405
1274.6899	1030.2582
1276.29	1054.2103
1277.89	1061.1276
1279.48	1076.7394
1281.08	1090.3969
1282.67	1115.8873
1284.27	1162.7656
1285.86	1138.0961
1287.46	1073.5719
1289.05	1046.0449
1290.64	987.86859
1292.24	982.04559
1293.83	1002.2325
1295.42	1020.312
1297.01	1023.9198
1298.6	996.99451
1300.1899	950.32013
1301.78	992.78918
1303.37	952.98102
1304.96	1005.9522
1306.55	1050.9711
1308.14	1053.0193
1309.73	1083.5061
1311.3199	1097.5808
1312.91	1055.8457
1314.49	1056.8278
1316.08	983.05872
1317.67	984.22015
1319.25	987.27057
1320.84	946.05133
1322.42	972.7207
1324.01	995.67432
1325.59	990.69543
1327.1801	1034.4105
1328.76	1070.2365
1330.34	1084.9968
1331.9301	1094.2754
1333.51	1061.8152
1335.09	1052.1869
1336.67	1042.9296
1338.26	1051.4027
1339.84	1066.8262
1341.42	1102.6909
1343	1136.7853
1344.58	1174.5847
1346.16	1229.9514
1347.74	1278.3008
1349.3199	1326.1656
1350.9	1338.5577
1352.47	1325.0479
1354.05	1358.3931
1355.63	1387.6818
1357.21	1410.2527
1358.78	1461.9028
1360.36	1491.1261
1361.9301	1503.9792
1363.51	1479.0181
1365.08	1449.767
1366.66	1403.58
1368.23	1335.1129
1369.8101	1280.6095
1371.38	1227.584
1372.95	1215.7841
1374.53	1201.9515
1376.1	1229.8313
1377.67	1216.0184
1379.24	1221.6248
1380.8101	1224.6646
1382.39	1234.2521
1383.96	1246.5381
1385.53	1309.3308
1387.1	1329.0288
1388.66	1358.0142
1390.23	1329.1233
1391.8	1354.4141
1393.37	1398.3104
1394.9399	1471.7273
1396.51	1565.351
1398.0699	1664.271
1399.64	1748.1847
1401.21	1822.3418
1402.77	1908.829
1404.34	2007.2449
1405.9	2119.4041
1407.47	2275.0063
1409.03	2408.104
1410.6	2547.8147
1412.16	2699.4407
1413.72	2849.8147
1415.29	3038.5342
1416.85	3172.8359
1418.41	3268.5564
1419.97	3340.8105
1421.53	3340.2976
1423.1	3283.2419
1424.66	3147.4351
1426.22	2964.3384
1427.78	2814.5435
1429.34	2617.2173
1430.9	2423.3843
1432.45	2241.8474
1434.01	2102.0884
1435.5699	1986.5065
1437.13	1905.9116
1438.6899	1824.1305
1440.24	1820.4421
1441.8	1831.8434
1443.36	1876.1705
1444.91	1939.5769
1446.47	1999.0085
1448.02	2015.9608
1449.58	2053.7334
1451.13	2054.6211
1452.6899	2079.6367
1454.24	2092.6799
1455.79	2093.4553
1457.35	2104.7991
1458.9	2112.9116
1460.45	2032.6873
1462	1983.28
1463.55	1924.1327
1465.1	1880.4923
1466.65	1817.6702
1468.21	1764.0667
1469.76	1691.1049
1471.3	1652.7174
1472.85	1558.2499
1474.4	1498.332
1475.95	1416.718
1477.5	1342.2972
1479.05	1276.5269
1480.59	1230.287
1482.14	1169.6064
1483.6899	1107.0618
1485.23	1056.4272
1486.78	1029.3405
1488.33	1020.6483
1489.87	1014.6887
1491.42	1027.676
1492.96	1052.8201
1494.5	1072.1299
1496.05	1066.2423
1497.59	1089.8112
1499.13	1093.4149
1500.6801	1109.8477
1502.22	1128.7201
1503.76	1157.6482
1505.3	1188.4287
1506.84	1244.4487
1508.38	1252.4246
1509.92	1260.2441
1511.46	1263.7485
1513	1219.6804
1514.54	1178.752
1516.08	1147.5767
1517.62	1114.3143
1519.16	1138.1906
1520.7	1055.7164
1522.23	980.39948
1523.77	981.72198
1525.3101	947.46838
1526.84	940.94366
1528.38	968.13629
1529.92	997.30261
1531.45	1076.8989
1532.99	1113.2128
1534.52	1103.1125
1536.05	1104.0466
1537.59	1056.6721
1539.12	1028.8103
1540.65	1012.1692
1542.1899	1036.1755
1543.72	1062.7804
1545.25	1166.7457
1546.78	1218.9659
1548.3101	1212.4371
1549.85	1212.8673
1551.38	1198.0055
1552.91	1223.0216
1554.4399	1233.9871
1555.96	1238.5853
1557.49	1304.2733
1559.02	1337.8138
1560.55	1322.9169
1562.08	1366.6821
1563.61	1346.5996
1565.13	1370.2029
1566.66	1339.7776
1568.1899	1318.1708
1569.71	1308.6266
1571.24	1274.0068
1572.76	1249.9001
1574.29	1260.1506
1575.8101	1221.4022
1577.34	1171.9957
1578.86	1141.2952
1580.39	1110.6716
1581.91	1092.0659
1583.4301	1066.63
1584.96	1091.781
1586.48	1116.9644
1588	1091.2296
1589.52	1088.9667
1591.04	1084.9458
1592.5601	1061.4241
1594.08	1007.4337
1595.6	984.12775
1597.12	1024.5923
1598.64	995.91815
1600.16	1005.8934
1601.6801	1031.1499
1603.2	994.41058
1604.72	999.99622
1606.23	943.70117
1607.75	915.83173
1609.27	899.56482
1610.78	870.49829
1612.3	887.91498
1613.8199	856.93829
1615.33	851.05829
1616.85	894.30212
1618.36	892.73755
1619.88	940.49213
1621.39	957.82892
1622.9	1004.9226
1624.42	1005.3393
1625.9301	966.63702
1627.4399	977.25916
1628.96	926.62799
1630.47	875.71771
1631.98	867.27032
1633.49	809.90106
1635	798.60999
1636.51	770.31006
1638.02	776.43005
1639.53	836.61938
1641.04	867.2804
1642.55	896.24908
1644.0601	933.19135
1645.5699	906.50586
1647.0699	910.05182
1648.58	841.5791
1650.09	799.3739
1651.6	752.698
1653.1	734.29962
1654.61	695.99976
1656.11	672.3338
1657.62	639.27606
1659.13	659.56989
1660.63	613.72137
1662.13	617.21167
1663.64	593.93713
1665.14	599.26245
1666.65	590.36975
1668.15	597.88544
1669.65	621.76056
1671.15	628.59656
1672.66	581.36108
1674.16	548.76941
1675.66	489.81732
1677.16	475.50198
1678.66	406.09973
1680.16	407.85764
1681.66	425.42511
1683.16	404.33923
1684.66	402.98972
1686.16	385.72125
1687.66	396.05142
1689.15	407.664
1690.65	353.8555
1692.15	368.79504
1693.65	350.89572
1695.14	318.91064
1696.64	288.37851
1698.14	300.65201
1699.63	341.59372
1701.13	370.07037
1702.62	394.80502
1704.12	442.95648
1705.61	441.57004
1707.11	420.32404
1708.6	359.46884
1710.09	346.89978
1711.59	327.55417
1713.08	285.52612
1714.5699	289.32132
1716.0601	301.37515
1717.55	300.3598
1719.04	327.33664
1720.54	287.90411
1722.03	289.01962
1723.52	296.37247
1725.01	288.21942
1726.5	315.62399
1727.98	316.95358
1729.47	319.88159
1730.96	340.11819
1732.45	320.11163
1733.9399	341.36584
1735.42	337.60342
1736.91	371.86545
1738.4	380.66846
1739.88	351.17969
1741.37	334.6409
1742.86	338.58258
1744.34	367.5567
1745.83	402.78842
1747.3101	431.23892
1748.8	510.27533
1750.28	546.43988
1751.76	543.44427
1753.25	545.68475
1754.73	560.33856
1756.21	573.53827
1757.6899	569.82782
1759.1801	515.76929
1760.66	499.65262
1762.14	431.21069
1763.62	385.97681
1765.1	370.79565
1766.58	369.35373
1768.0601	357.43607
1769.54	380.80765
1771.02	378.50537
1772.5	374.75195
1773.98	362.32764
1775.45	365.1994
1776.9301	327.37256
1778.41	282.62302
1779.89	256.80124
1781.36	258.92789
1782.84	245.38246
1784.3199	220.14467
1785.79	226.55336
1787.27	203.95131
1788.74	188.64143
1790.22	158.50323
1791.6899	158.31445
1793.16	137.25539
1794.64	126.70605
1796.11	120.90692
1797.58	100.20252
1799.0601	86.653015
1800.53	65.265015
