399.20999	687
401.03101	653
402.85001	646
404.67001	653
406.48901	626
408.30701	621
410.125	658
411.94199	652
413.759	617
415.57599	623
417.392	602
419.207	648
421.022	595
422.83701	624
424.651	619
426.46399	620
428.27701	617
430.09	612
431.90201	624
433.71399	610
435.52499	585
437.336	580
439.146	625
440.95599	595
442.76501	627
444.57401	623
446.38199	613
448.19	638
449.99701	649
451.80399	615
453.60999	629
455.41599	613
457.22198	613
459.02701	602
460.83099	627
462.63501	638
464.43799	620
466.242	639
468.04401	617
469.84601	594
471.64801	627
473.44901	604
475.25	649
477.04999	631
478.849	611
480.64899	607
482.44699	642
484.246	603
486.04401	644
487.841	624
489.638	642
491.43399	614
493.23001	654
495.026	686
496.82001	659
498.61499	680
500.409	646
502.203	633
503.996	667
505.78799	650
507.57999	670
509.37201	636
511.16299	614
512.95398	601
514.74402	593
516.534	608
518.323	597
520.112	610
521.90002	596
523.68799	585
525.47601	591
527.263	565
529.04901	592
530.83502	566
532.62097	573
534.40601	582
536.19	620
537.97498	614
539.758	628
541.54102	610
543.32397	595
545.10602	606
546.888	623
548.66998	606
550.45001	630
552.23102	620
554.01099	628
555.78998	621
557.56897	604
559.34802	612
561.12598	603
562.90302	602
564.68103	572
566.45697	599
568.23297	629
570.00897	575
571.784	588
573.55902	586
575.33398	565
577.10699	550
578.88098	563
580.65399	552
582.42603	541
584.198	527
585.96997	521
587.74103	525
589.51202	550
591.28198	556
593.052	552
594.82098	527
596.59003	527
598.35797	524
600.12598	549
601.89301	513
603.65997	537
605.427	537
607.19299	537
608.95801	520
610.72302	532
612.48798	551
614.25201	523
616.01599	531
617.77899	529
619.54199	535
621.30402	536
623.06598	528
624.82703	556
626.58801	510
628.349	533
630.10901	540
631.86798	585
633.62701	573
635.38599	589
637.14398	584
638.90198	626
640.659	612
642.41602	595
644.17297	629
645.92798	589
647.68402	616
649.43903	622
651.19299	574
652.948	599
654.70099	588
656.45398	616
658.20697	602
659.95898	561
661.711	559
663.46198	579
665.21301	560
666.96399	576
668.71399	581
670.46301	564
672.21198	581
673.961	550
675.70898	565
677.45697	555
679.20398	604
680.95099	583
682.69702	595
684.44299	605
686.18903	649
687.93402	616
689.67798	601
691.422	603
693.16602	594
694.909	558
696.65198	583
698.39398	578
700.13599	554
701.87701	540
703.61798	597
705.35901	577
707.099	569
708.83801	604
710.578	613
712.31598	619
714.05499	589
715.79199	607
717.53003	629
719.26703	635
721.00299	604
722.73901	656
724.474	646
726.21002	682
727.94397	727
729.67798	743
731.41199	794
733.14502	882
734.87799	903
736.61102	958
738.34302	1032
740.07397	1059
741.80499	1106
743.53601	1109
745.26599	1099
746.99597	1050
748.72498	1028
750.45398	939
752.18201	935
753.90997	850
755.638	843
757.36499	820
759.091	776
760.81799	769
762.54303	722
764.26898	733
765.99298	737
767.71802	756
769.44202	779
771.16498	773
772.888	869
774.61102	835
776.33301	879
778.05499	893
779.776	965
781.49701	1000
783.21698	1044
784.93701	1102
786.65698	1036
788.37598	999
790.09497	1004
791.81299	884
793.53101	853
795.24799	788
796.96503	678
798.68103	632
800.39697	649
802.11298	641
803.828	626
805.54303	602
807.25702	642
808.97101	681
810.68402	637
812.39697	639
814.10901	641
815.82098	594
817.53302	592
819.24402	601
820.95502	557
822.66498	573
824.375	567
826.08398	534
827.79303	532
829.50201	545
831.21002	553
832.91803	549
834.625	524
836.33197	552
838.03802	525
839.74402	551
841.45001	544
843.15503	550
844.85901	546
846.56299	546
848.26703	542
849.96997	546
851.67297	540
853.37598	605
855.078	569
856.77899	597
858.48102	575
860.18103	565
861.88202	563
863.58099	560
865.28101	539
866.97998	596
868.67798	549
870.37598	578
872.07397	554
873.771	554
875.46802	571
877.164	545
878.85999	565
880.55603	555
882.25098	581
883.94598	568
885.64001	573
887.33398	565
889.02698	573
890.71997	589
892.41302	566
894.10498	560
895.79602	558
897.487	548
899.17798	534
900.86902	548
902.55902	536
904.24799	535
905.93701	536
907.62598	574
909.31403	543
911.00201	550
912.68903	513
914.37598	521
916.06201	559
917.74902	515
919.43402	519
921.11902	550
922.80402	518
924.48901	516
926.17297	490
927.85602	500
929.539	505
931.22198	506
932.90399	506
934.586	505
936.26703	515
937.948	501
939.62903	519
941.30902	512
942.98798	498
944.66803	502
946.34698	522
948.02502	552
949.703	526
951.38098	538
953.05798	520
954.73401	552
956.41101	533
958.08698	572
959.76202	553
961.43701	580
963.112	596
964.78601	581
966.46002	579
968.133	581
969.80603	570
971.47803	565
973.15002	594
974.82202	570
976.49298	557
978.164	564
979.83398	547
981.50403	562
983.17401	558
984.84302	559
986.51202	567
988.17999	573
989.84802	520
991.51501	531
993.18201	568
994.849	568
996.51501	553
998.18103	577
999.84601	547
1001.51	553
1003.18	560
1004.84	578
1006.5	548
1008.17	526
1009.83	540
1011.49	569
1013.15	526
1014.82	532
1016.48	550
1018.14	541
1019.8	555
1021.46	584
1023.12	586
1024.78	545
1026.4399	607
1028.09	595
1029.75	590
1031.41	580
1033.0699	597
1034.72	594
1036.38	577
1038.03	575
1039.6899	583
1041.34	529
1043	572
1044.65	549
1046.3101	532
1047.96	537
1049.61	573
1051.27	552
1052.92	561
1054.5699	596
1056.22	598
1057.87	539
1059.52	568
1061.17	532
1062.8199	549
1064.47	549
1066.12	544
1067.77	536
1069.42	549
1071.0601	543
1072.71	532
1074.36	540
1076	535
1077.65	546
1079.29	534
1080.9399	575
1082.58	548
1084.23	566
1085.87	571
1087.52	595
1089.16	594
1090.8	580
1092.4399	608
1094.09	577
1095.73	559
1097.37	596
1099.01	555
1100.65	521
1102.29	538
1103.9301	540
1105.5699	540
1107.2	561
1108.84	576
1110.48	525
1112.12	535
1113.75	526
1115.39	565
1117.03	549
1118.66	554
1120.3	612
1121.9301	595
1123.5699	607
1125.2	600
1126.84	618
1128.47	654
1130.1	635
1131.73	650
1133.37	620
1135	624
1136.63	593
1138.26	591
1139.89	614
1141.52	575
1143.15	575
1144.78	568
1146.41	573
1148.04	532
1149.66	540
1151.29	559
1152.92	533
1154.55	543
1156.17	541
1157.8	545
1159.42	542
1161.05	550
1162.67	520
1164.3	527
1165.92	544
1167.55	551
1169.17	521
1170.79	533
1172.41	514
1174.04	565
1175.66	553
1177.28	566
1178.9	549
1180.52	561
1182.14	550
1183.76	562
1185.38	565
1187	575
1188.62	579
1190.23	595
1191.85	599
1193.47	563
1195.08	613
1196.7	570
1198.3199	594
1199.9301	595
1201.55	605
1203.16	578
1204.78	607
1206.39	605
1208	590
1209.62	604
1211.23	615
1212.84	619
1214.46	610
1216.0699	610
1217.6801	618
1219.29	598
1220.9	620
1222.51	624
1224.12	640
1225.73	651
1227.34	635
1228.95	690
1230.55	685
1232.16	673
1233.77	693
1235.38	698
1236.98	702
1238.59	721
1240.1899	736
1241.8	713
1243.4	722
1245.01	752
1246.61	685
1248.22	733
1249.8199	710
1251.42	747
1253.03	734
1254.63	718
1256.23	703
1257.83	722
1259.4301	715
1261.03	738
1262.63	696
1264.23	685
1265.83	703
1267.4301	702
1269.03	674
1270.63	684
1272.23	682
1273.8199	664
1275.42	693
1277.02	699
1278.61	679
1280.21	736
1281.8101	713
1283.4	719
1285	732
1286.59	748
1288.1801	736
1289.78	731
1291.37	759
1292.96	742
1294.5601	752
1296.15	793
1297.74	785
1299.33	792
1300.92	814
1302.51	796
1304.1	848
1305.6899	855
1307.28	895
1308.87	974
1310.46	1044
1312.05	1040
1313.63	1099
1315.22	1120
1316.8101	1128
1318.4	1225
1319.98	1207
1321.5699	1277
1323.15	1256
1324.74	1289
1326.3199	1265
1327.91	1309
1329.49	1313
1331.08	1289
1332.66	1331
1334.24	1314
1335.8199	1251
1337.41	1238
1338.99	1226
1340.5699	1245
1342.15	1189
1343.73	1206
1345.3101	1165
1346.89	1188
1348.47	1188
1350.05	1149
1351.63	1205
1353.21	1178
1354.78	1208
1356.36	1198
1357.9399	1154
1359.51	1194
1361.09	1156
1362.67	1220
1364.24	1235
1365.8199	1177
1367.39	1190
1368.97	1208
1370.54	1253
1372.11	1384
1373.6899	1389
1375.26	1437
1376.83	1449
1378.4	1544
1379.98	1707
1381.55	1709
1383.12	1723
1384.6899	1888
1386.26	1920
1387.83	2104
1389.4	2064
1390.97	2143
1392.54	2236
1394.11	2343
1395.67	2285
1397.24	2292
1398.8101	2254
1400.37	2236
1401.9399	2113
1403.51	1990
1405.0699	1871
1406.64	1792
1408.2	1626
1409.77	1553
1411.33	1482
1412.9	1340
1414.46	1290
1416.02	1173
1417.58	1106
1419.15	1056
1420.71	999
1422.27	937
1423.83	906
1425.39	854
1426.95	832
1428.51	890
1430.0699	829
1431.63	839
1433.1899	825
1434.75	850
1436.3101	815
1437.87	888
1439.42	876
1440.98	855
1442.54	905
1444.09	929
1445.65	928
1447.21	946
1448.76	938
1450.3199	928
1451.87	965
1453.42	958
1454.98	933
1456.53	953
1458.08	947
1459.64	956
1461.1899	955
1462.74	922
1464.29	907
1465.84	948
1467.39	909
1468.9399	902
1470.49	975
1472.04	963
1473.59	958
1475.14	945
1476.6899	906
1478.24	900
1479.79	873
1481.33	866
1482.88	866
1484.4301	831
1485.97	844
1487.52	814
1489.0699	856
1490.61	800
1492.16	842
1493.7	866
1495.24	848
1496.79	776
1498.33	812
1499.87	836
1501.42	815
1502.96	830
1504.5	844
1506.04	816
1507.58	825
1509.13	787
1510.67	825
1512.21	811
1513.75	786
1515.28	740
1516.8199	787
1518.36	765
1519.9	750
1521.4399	752
1522.98	779
1524.51	796
1526.05	780
1527.59	791
1529.12	801
1530.66	834
1532.1899	818
1533.73	797
1535.26	859
1536.8	884
1538.33	854
1539.86	917
1541.4	927
1542.9301	942
1544.46	935
1546	961
1547.53	987
1549.0601	1033
1550.59	1002
1552.12	1083
1553.65	1043
1555.1801	1087
1556.71	1067
1558.24	1024
1559.77	1014
1561.3	1072
1562.8199	1006
1564.35	999
1565.88	915
1567.41	907
1568.9301	863
1570.46	876
1571.98	831
1573.51	807
1575.04	770
1576.5601	792
1578.08	774
1579.61	743
1581.13	738
1582.66	742
1584.1801	762
1585.7	779
1587.22	746
1588.75	721
1590.27	779
1591.79	796
1593.3101	832
1594.83	902
1596.35	934
1597.87	982
1599.39	1076
1600.91	1160
1602.4301	1170
1603.95	1200
1605.46	1269
1606.98	1353
1608.5	1366
1610.02	1405
1611.53	1503
1613.05	1489
1614.5601	1483
1616.08	1558
1617.6	1499
1619.11	1565
1620.62	1516
1622.14	1449
1623.65	1401
1625.17	1352
1626.6801	1247
1628.1899	1219
1629.7	1139
1631.22	1101
1632.73	982
1634.24	922
1635.75	834
1637.26	842
1638.77	820
1640.28	766
1641.79	686
1643.3	730
1644.8101	700
1646.3199	653
1647.8199	632
1649.33	648
1650.84	600
1652.35	619
1653.85	582
1655.36	572
1656.87	592
1658.37	571
1659.88	546
1661.38	534
1662.89	552
1664.39	547
1665.89	571
1667.4	530
1668.9	533
1670.4	530
1671.91	527
1673.41	525
1674.91	527
1676.41	497
1677.91	504
1679.41	501
1680.91	510
1682.41	518
1683.91	518
1685.41	504
1686.91	496
1688.41	489
1689.91	506
1691.41	504
1692.9	482
1694.4	458
1695.9	459
1697.39	470
1698.89	462
1700.39	515
1701.88	468
1703.38	466
1704.87	483
1706.37	466
1707.86	474
1709.35	450
1710.85	460
1712.34	457
1713.83	474
1715.3199	451
1716.8199	450
1718.3101	457
1719.8	446
1721.29	477
1722.78	446
1724.27	460
1725.76	439
1727.25	437
1728.74	465
1730.23	472
1731.72	457
1733.21	482
1734.6899	441
1736.1801	446
1737.67	468
1739.15	442
1740.64	449
1742.13	453
1743.61	444
1745.1	450
1746.58	445
1748.0699	452
1749.55	440
1751.04	462
1752.52	435
1754	446
1755.49	448
1756.97	437
1758.45	445
1759.9301	453
1761.41	439
1762.9	461
1764.38	442
1765.86	448
1767.34	452
1768.8199	432
1770.3	460
1771.78	463
1773.26	465
1774.73	436
1776.21	470
1777.6899	428
1779.17	440
1780.64	444
1782.12	446
1783.6	439
1785.0699	436
1786.55	433
1788.03	422
1789.5	436
1790.98	448
1792.45	432
1793.92	436
1795.4	437
1796.87	447
1798.34	441
1799.8199	457
