400.03799	2639.8105
401.858	2620.6189
403.67801	2491.146
405.49701	2434.8228
407.31601	2435.6155
409.134	2391.5215
410.952	2381.1902
412.76901	2331.2024
414.586	2343.249
416.40201	2263.7866
418.21799	2135.541
420.03299	2035.0278
421.84799	1993.1766
423.66299	1913.6331
425.47699	1864.9957
427.29001	1861.5291
429.103	1885.9279
430.91501	1853.635
432.72699	1831.4429
434.539	1808.9811
436.35001	1812.7203
438.16	1830.5826
439.97101	1810.1794
441.78	1838.0944
443.58899	1798.7155
445.39801	1736.6703
447.20599	1705.5129
449.01401	1665.1484
450.82101	1661.7164
452.62799	1703.6128
454.43399	1800.9532
456.23999	1911.1628
458.04501	1928.6163
459.85001	1990.0701
461.65399	2041.7502
463.45801	2000.9762
465.26099	1970.502
467.064	1921.3304
468.867	1862.6266
470.66901	1813.6346
472.47	1766.3019
474.271	1771.22
476.07199	1789.7964
477.87201	1784.7114
479.67099	1820.1177
481.47101	1794.8511
483.26901	1722.1683
485.06699	1661.6576
486.86499	1597.8704
488.66199	1500.1759
490.45901	1457.9734
492.255	1366.436
494.05099	1327.6947
495.84601	1265.7557
497.64099	1243.4664
499.436	1233.4503
501.229	1228.9469
503.02301	1199.9103
504.81601	1158.3765
506.608	1024.0389
508.39999	951.80206
510.19199	852.74579
511.983	769.49695
513.77301	708.0498
515.56403	630.66718
517.35303	593.23462
519.14203	461.39972
520.93103	376.88904
522.71899	339.94785
524.50702	280.74164
526.29401	234.19083
528.08099	209.4408
529.86798	149.30211
531.65399	145.32431
533.43903	93.914665
535.224	102.81298
537.008	89.006973
538.79199	71.503693
540.57599	50.005306
542.35901	48.243019
544.14203	18.949482
545.92401	27.228338
547.70502	41.963028
549.487	67.57196
551.26703	116.0701
553.04797	128.09128
554.82703	121.72493
556.60699	128.25369
558.38599	98.597656
560.164	97.964836
561.94202	100.4785
563.71997	111.61655
565.49701	188.22667
567.27301	272.12109
569.04901	367.81143
570.82501	453.33673
572.59998	506.33185
574.375	533.68994
576.14899	527.90265
577.92297	449.34091
579.69598	382.10416
581.46899	304.79025
583.24103	210.15681
585.013	143.23856
586.784	117.81908
588.55499	122.62912
590.32599	133.17548
592.09601	135.43646
593.86499	170.51398
595.63501	234.56303
597.40302	253.26045
599.17102	306.54672
600.93903	363.94629
602.70599	372.16922
604.47302	371.70721
606.23999	322.02975
608.005	367.09988
609.771	430.70932
611.53601	469.06461
613.29999	493.8331
615.06403	559.77411
616.828	536.02307
618.591	549.00916
620.354	492.1329
622.11603	492.57086
623.87799	468.80121
625.63898	452.65631
627.40002	413.88702
629.15997	403.96393
630.91998	400.50046
632.67999	492.00964
634.43903	681.99707
636.19702	874.3714
637.95502	1182.486
639.71301	1589.3407
641.46997	1965.8246
643.22699	2313.3345
644.98297	2569.0239
646.73901	2692.3569
648.49402	2632.0649
650.24902	2363.6421
652.00299	2091.0659
653.75702	1796.467
655.51099	1523.0941
657.26398	1406.7092
659.01599	1342.1102
660.76898	1373.7117
662.52002	1450.5372
664.271	1650.5321
666.02197	2009.0212
667.77301	2469.2402
669.52197	3061.3943
671.27197	3799.5725
673.021	4538.1108
674.76898	5126.7285
676.51703	5461.6797
678.26501	5561.3892
680.01202	5407.7842
681.75897	5035.6421
683.505	4473.7944
685.25098	3855.0691
686.99597	3266.0732
688.74103	2667.6384
690.48499	2137.4756
692.229	1774.5536
693.97302	1539.4021
695.716	1386.7029
697.45898	1303.9558
699.20099	1240.2018
700.94202	1244.8214
702.68402	1204.5907
704.42499	1138.5096
706.16498	1075.4937
707.90503	971.63367
709.64398	814.15308
711.383	707.6369
713.12201	641.37177
714.85999	647.70532
716.59802	684.3374
718.33502	757.18835
720.07202	902.10376
721.80798	1023.1677
723.54401	1154.8466
725.27899	1278.1193
727.01398	1379.397
728.74902	1425.2455
730.48297	1423.8669
732.216	1366.9918
733.95001	1290.3961
735.68201	1214.5612
737.41498	1138.824
739.14697	1048.9675
740.87799	937.90472
742.60901	897.27454
744.33899	893.33398
746.06897	881.10822
747.79901	934.1673
749.52802	1043.6875
751.25702	1156.4713
752.98499	1294.9545
754.71301	1279.6658
756.44	1335.1711
758.16699	1305.491
759.89398	1228.2434
761.62	1105.4645
763.34497	995.03809
765.07098	888.5882
766.79498	816.65576
768.52002	619.61481
770.24298	533.30359
771.96698	390.92587
773.69	276.10358
775.41199	176.95035
777.13397	165.28931
778.85602	144.06639
780.57703	195.54088
782.29797	207.99521
784.01801	242.34154
785.73798	273.91772
787.45697	303.40479
789.17603	333.76163
790.89502	335.59052
792.61298	316.24765
794.33099	338.24234
796.04797	355.26837
797.76501	380.86145
799.48102	477.35309
801.19702	534.24219
802.91199	566.00745
804.62701	516.3963
806.34198	474.0795
808.05603	424.4906
809.77002	384.78586
811.48297	338.85275
813.19598	288.11459
814.90802	255.27756
816.62	254.83932
818.33099	259.77979
820.04199	289.28665
821.75299	265.78079
823.46301	295.84702
825.17297	288.70654
826.88202	255.57524
828.591	246.9072
830.29901	249.94304
832.00702	220.58336
833.71503	198.93073
835.422	148.87196
837.12903	159.83922
838.83502	179.42281
840.54102	232.81108
842.24597	265.74246
843.95099	282.82974
845.65601	295.18069
847.35999	303.81888
849.06299	288.33768
850.76703	279.76752
852.46899	295.05795
854.172	397.91855
855.87402	465.08755
857.57501	580.7088
859.276	772.5332
860.97699	993.58319
862.677	1189.673
864.37598	1340.9065
866.07599	1491.962
867.77502	1626.0311
869.47302	1615.4666
871.17102	1613.1392
872.86902	1575.6908
874.56598	1551.9066
876.26202	1483.4431
877.95898	1385.5593
879.65503	1259.5948
881.34998	1124.2373
883.04498	979.68506
884.73901	904.28986
886.43402	806.47394
888.12701	699.61694
889.82001	605.66913
891.513	516.13733
893.20599	383.9473
894.89801	312.55978
896.58899	276.09528
898.28003	287.37552
899.97101	264.27914
901.66101	266.75189
903.35101	244.07718
905.03998	192.23073
906.729	135.26282
908.41803	140.83984
910.10602	155.77832
911.79401	161.72559
913.48102	186.68239
915.16803	292.75247
916.854	309.4682
918.53998	241.70834
920.22601	289.6239
921.91101	358.04645
923.59497	481.79623
925.28003	602.76044
926.96301	790.78442
928.64697	912.39069
930.33002	1021.4309
932.01202	1044.5211
933.69397	1113.5072
935.37598	1125.2418
937.05701	1101.2166
938.73798	999.80103
940.41901	865.52478
942.099	665.9635
943.77802	522.58655
945.45697	374.97464
947.13599	304.91312
948.81403	293.86115
950.492	230.23827
952.16998	223.15247
953.84698	175.40141
955.52301	206.50853
957.19897	214.71953
958.875	255.63622
960.55103	293.64764
962.22498	304.28235
963.90002	323.44687
965.57397	323.70856
967.24799	300.02164
968.92102	317.68701
970.59399	345.33618
972.26599	354.35815
973.93799	383.44458
975.60901	391.24756
977.28101	426.11426
978.95099	464.6752
980.62201	463.6813
982.29102	441.7645
983.961	476.75513
985.63	514.70746
987.29797	574.73114
988.96698	608.4325
990.63397	661.76556
992.302	695.953
993.96899	669.82617
995.63501	589.85724
997.30103	558.67938
998.96698	552.21765
1000.63	523.68103
1002.3	514.96564
1003.96	549.82715
1005.63	568.47595
1007.29	587.84857
1008.95	598.83606
1010.61	663.78387
1012.28	635.62274
1013.94	645.98657
1015.6	613.56329
1017.26	548.93164
1018.92	554.07477
1020.58	523.36108
1022.24	539.03253
1023.9	558.91553
1025.5601	541.3786
1027.22	577.6568
1028.88	536.31036
1030.53	529.36047
1032.1899	621.89362
1033.85	665.24829
1035.51	656.82465
1037.16	626.80933
1038.8199	646.55927
1040.47	640.75098
1042.13	704.11053
1043.78	790.58356
1045.4399	918.18695
1047.09	949.6424
1048.74	917.71399
1050.4	847.95245
1052.05	840.82391
1053.7	796.99097
1055.35	817.20905
1057	822.24554
1058.65	796.69702
1060.3	723.422
1061.95	687.10858
1063.6	664.27393
1065.25	691.11121
1066.9	690.34296
1068.55	723.25739
1070.2	813.46838
1071.84	803.86047
1073.49	805.20844
1075.14	833.48322
1076.78	857.56866
1078.4301	853.13342
1080.0699	852.99011
1081.72	840.40741
1083.36	903.22821
1085.01	903.9834
1086.65	928.0249
1088.3	994.32996
1089.9399	1046.3038
1091.58	1118.7574
1093.22	1107.0978
1094.86	1098.2789
1096.51	1122.2587
1098.15	1086.2699
1099.79	1052.9354
1101.4301	965.18591
1103.0699	928.12952
1104.71	933.02454
1106.34	921.66479
1107.98	943.87134
1109.62	1005.8318
1111.26	1066.6399
1112.9	1061.946
1114.53	1038.6263
1116.17	1036.2704
1117.8101	1018.0131
1119.4399	1060.6853
1121.08	1055.2649
1122.71	1090.4989
1124.34	1099.52
1125.98	1079.5361
1127.61	1114.6364
1129.25	1118.6437
1130.88	1107.5925
1132.51	1150.3638
1134.14	1141.9005
1135.77	1108.948
1137.41	1037.2239
1139.04	972.49695
1140.67	976.34229
1142.3	944.27753
1143.9301	899.0174
1145.55	947.22327
1147.1801	921.01978
1148.8101	961.28894
1150.4399	943.79224
1152.0699	965.27728
1153.6899	1022.3825
1155.3199	1002.4779
1156.95	975.3877
1158.5699	958.6922
1160.2	903.36371
1161.8199	904.75122
1163.45	838.53015
1165.0699	871.02606
1166.7	925.27277
1168.3199	894.78528
1169.9399	886.77045
1171.5699	894.12067
1173.1899	897.4906
1174.8101	917.33148
1176.4301	917.00903
1178.05	975.96783
1179.67	998.37195
1181.29	958.8717
1182.91	931.6264
1184.53	944.29517
1186.15	972.51764
1187.77	1011.3943
1189.39	1018.6295
1191.01	1023.4926
1192.62	1015.5306
1194.24	988.44647
1195.86	977.49121
1197.47	1021.0878
1199.09	1040.3884
1200.71	1038.5542
1202.3199	1086.7954
1203.9301	1094.8162
1205.55	1093.7573
1207.16	1046.0415
1208.78	1061.4543
1210.39	1051.5491
1212	1003.8556
1213.61	1019.8458
1215.23	1065.705
1216.84	1108.8417
1218.45	1131.5642
1220.0601	1145.207
1221.67	1173.7256
1223.28	1153.911
1224.89	1135.7323
1226.5	1153.5233
1228.11	1153.2976
1229.72	1153.8162
1231.3199	1232.4012
1232.9301	1219.6719
1234.54	1247.7656
1236.15	1278.5703
1237.75	1272.9648
1239.36	1327.3789
1240.96	1353.7999
1242.5699	1340.6816
1244.17	1399.4994
1245.78	1344.7933
1247.38	1426.8364
1248.99	1446.6283
1250.59	1463.2739
1252.1899	1556.2125
1253.79	1594.4512
1255.4	1568.373
1257	1529.13
1258.6	1516.1525
1260.2	1546.2219
1261.8	1538.1793
1263.4	1621.4656
1265	1725.4432
1266.6	1769.3311
1268.2	1747.7656
1269.8	1740.6644
1271.4	1746.4351
1272.99	1711.0701
1274.59	1669.1005
1276.1899	1673.6641
1277.78	1645.3062
1279.38	1648.1725
1280.98	1674.8005
1282.5699	1748.4941
1284.17	1815.1488
1285.76	1851.6393
1287.36	1847.9509
1288.95	1859.9102
1290.54	1772.6206
1292.14	1761.4362
1293.73	1731.5106
1295.3199	1733.9816
1296.91	1728.485
1298.51	1813.4724
1300.1	1870.2539
1301.6899	1925.3635
1303.28	1968.9783
1304.87	1963.3887
1306.46	1952.0862
1308.05	1922.703
1309.64	1954.254
1311.22	1961.7769
1312.8101	1977.0088
1314.4	2013.1829
1315.99	2058.644
1317.5699	2048.7646
1319.16	2084.3677
1320.75	2069.0535
1322.33	2088.9492
1323.92	2028.6344
1325.5	2034.4854
1327.09	2043.1672
1328.67	1969.9492
1330.26	1947.1545
1331.84	1980.5387
1333.42	1972.7152
1335	1994.0994
1336.59	2069.8984
1338.17	2172.4207
1339.75	2261.4023
1341.33	2305.7827
1342.91	2396.512
1344.49	2470.5679
1346.0699	2467.9561
1347.65	2483.1755
1349.23	2519.3916
1350.8101	2628.2634
1352.39	2638.2102
1353.97	2688.9888
1355.54	2709.5181
1357.12	2665.5251
1358.7	2580.6809
1360.28	2584.7693
1361.85	2602.5493
1363.4301	2628.3174
1365	2548.8513
1366.58	2548.3916
1368.15	2517.2607
1369.73	2469.8928
1371.3	2386.4338
1372.87	2427.8542
1374.45	2427.3848
1376.02	2448.2344
1377.59	2437.854
1379.16	2469.1956
1380.74	2512.0818
1382.3101	2527.0522
1383.88	2504.9788
1385.45	2521.2605
1387.02	2483.2427
1388.59	2488.083
1390.16	2545.04
1391.73	2593.5034
1393.3	2719.4485
1394.86	2850.6396
1396.4301	3025.9304
1398	3206.9956
1399.5699	3372.3203
1401.13	3494.9326
1402.7	3778.6343
1404.27	3938.3665
1405.83	4181.6143
1407.4	4447.8096
1408.96	4744.9946
1410.53	5006.7563
1412.09	5276.3242
1413.65	5503.7295
1415.22	5744.7378
1416.78	5852.0083
1418.34	5978.6255
1419.9	5967.3882
1421.47	5914.1367
1423.03	5728.6709
1424.59	5511.397
1426.15	5244.8003
1427.71	4893.4917
1429.27	4541.9517
1430.83	4234.3418
1432.39	3909.4482
1433.95	3727.571
1435.51	3569.4216
1437.0601	3498.3591
1438.62	3485.1968
1440.1801	3508.4536
1441.74	3602.1448
1443.29	3656.6272
1444.85	3676.3574
1446.41	3747.7471
1447.96	3735.7168
1449.52	3793.7178
1451.0699	3893.3572
1452.62	3973.9453
1454.1801	4072.6182
1455.73	4086.0193
1457.29	4020.2195
1458.84	3985.2241
1460.39	3904.6853
1461.9399	3865.7798
1463.5	3778.6421
1465.05	3614.7068
1466.6	3536.8521
1468.15	3419.5261
1469.7	3256.4468
1471.25	3098.408
1472.8	2915.6658
1474.35	2757.6042
1475.9	2596.7019
1477.4399	2462.7371
1478.99	2422.958
1480.54	2389.2024
1482.09	2370.8945
1483.63	2275.8938
1485.1801	2203.0015
1486.73	2124.8655
1488.27	2080.5112
1489.8199	2017.4595
1491.36	2018.3513
1492.91	2034.496
1494.45	2059.834
1496	2020.5645
1497.54	2014.0404
1499.08	1881.9506
1500.63	1768.6636
1502.17	1680.5125
1503.71	1639.9675
1505.25	1618.7598
1506.79	1645.7416
1508.34	1687.928
1509.88	1705.3745
1511.42	1689.1394
1512.96	1662.5554
1514.5	1694.2697
1516.04	1692.3217
1517.5699	1662.4595
1519.11	1645.8143
1520.65	1659.9738
1522.1899	1631.1827
1523.73	1666.0355
1525.26	1644.0145
1526.8	1656.6954
1528.34	1665.6954
1529.87	1643.8092
1531.41	1622.1776
1532.9399	1670.3351
1534.48	1718.2543
1536.01	1815.7175
1537.55	1862.5841
1539.08	1935.9856
1540.61	1974.7517
1542.15	1987.4404
1543.6801	2030.6674
1545.21	2096.7036
1546.74	2129.1729
1548.28	2160.8401
1549.8101	2213.3562
1551.34	2268.6191
1552.87	2284.5198
1554.4	2232.3582
1555.9301	2318.0559
1557.46	2350.7427
1558.99	2376.155
1560.52	2430.4075
1562.04	2540.4404
1563.5699	2627.3184
1565.1	2677.7271
1566.63	2669.9229
1568.15	2717.3462
1569.6801	2685.5596
1571.21	2577.9124
1572.73	2486.1873
1574.26	2464.4104
1575.78	2395.2966
1577.3101	2292.6487
1578.83	2330.0728
1580.36	2326.0225
1581.88	2310.5864
1583.4	2244.7678
1584.9301	2280.8813
1586.45	2278.3135
1587.97	2226.5552
1589.49	2184.5449
1591.01	2226.2244
1592.54	2167.3127
1594.0601	2141.7302
1595.58	2157.7988
1597.1	2238.113
1598.62	2233.177
1600.14	2224.0945
1601.65	2197.5796
1603.17	2180.1184
1604.6899	2126.2964
1606.21	2067.9268
1607.73	1996.233
1609.24	2013.4525
1610.76	2047.1006
1612.28	2021.3248
1613.79	2021.7631
1615.3101	2062.8779
1616.8199	2066.4888
1618.34	2014.6055
1619.85	1951.5007
1621.37	1934.2191
1622.88	1972.6906
1624.4	1921.399
1625.91	1959.2865
1627.42	1943.2736
1628.9399	1988.8833
1630.45	1961.6243
1631.96	1949.1836
1633.47	1916.3132
1634.98	1998.7886
1636.49	1980.5159
1638	2030.2783
1639.51	2007.1931
1641.02	2020.2407
1642.53	1937.8469
1644.04	1858.8633
1645.55	1810.7253
1647.0601	1838.1187
1648.5699	1813.1161
1650.0699	1866.5496
1651.58	1903.8589
1653.09	1926.4475
1654.6	1847.4131
1656.1	1758.6044
1657.61	1675.9469
1659.11	1634.8746
1660.62	1555.1429
1662.12	1626.0413
1663.63	1648.2705
1665.13	1653.8563
1666.64	1639.0094
1668.14	1601.9116
1669.64	1597.6576
1671.14	1576.1262
1672.65	1515.3086
1674.15	1544.4316
1675.65	1516.2948
1677.15	1502.8455
1678.65	1560.6344
1680.15	1574.1382
1681.65	1581.8295
1683.15	1498.3802
1684.65	1398.802
1686.15	1287.3488
1687.65	1187.7236
1689.15	1149.5731
1690.65	1130.5399
1692.15	1188.9578
1693.64	1204.3494
1695.14	1246.8805
1696.64	1303.4702
1698.13	1310.651
1699.63	1306.9028
1701.12	1294.8901
1702.62	1208.5757
1704.12	1229.4857
1705.61	1223.5199
1707.1	1258.0854
1708.6	1260.0013
1710.09	1271.1039
1711.58	1244.7593
1713.08	1187.7045
1714.5699	1114.2933
1716.0601	1164.53
1717.55	1173.406
1719.05	1205.9664
1720.54	1181.4929
1722.03	1208.7302
1723.52	1192.616
1725.01	1144.7323
1726.5	1152.0731
1727.99	1188.5098
1729.48	1147.8076
1730.97	1185.6289
1732.45	1191.9065
1733.9399	1229.8274
1735.4301	1265.6696
1736.92	1323.0787
1738.4	1376.8719
1739.89	1356.6268
1741.38	1392.5576
1742.86	1410.9913
1744.35	1483.4319
1745.83	1590.1117
1747.3199	1710.603
1748.8	1870.292
1750.29	1928.6055
1751.77	2015.7971
1753.26	2152.2883
1754.74	2201.3413
1756.22	2284.3728
1757.7	2342.9099
1759.1899	2300.9814
1760.67	2197.4829
1762.15	2045.9166
1763.63	1929.2546
1765.11	1790.2295
1766.59	1695.6671
1768.0699	1575.6224
1769.55	1499.9266
1771.03	1397.671
1772.51	1301.0989
1773.99	1263.9272
1775.47	1265.3082
1776.95	1239.7928
1778.42	1296.1919
1779.9	1298.6726
1781.38	1271.0321
1782.86	1241.6652
1784.33	1196.0532
1785.8101	1132.7362
1787.28	1084.3997
1788.76	1066.7944
1790.23	1041.0946
1791.71	984.73151
1793.1801	934.35126
1794.66	880.52136
1796.13	822.28442
1797.6	802.07867
1799.08	801.51245
1800.55	840.59515
