399.112	436.72617
400.93201	505.36295
402.75201	440.99976
404.57101	394.6362
406.39001	457.27264
408.20801	345.90875
410.026	329.54483
411.84299	311.18057
413.66	300.81635
415.47699	227.45207
417.293	238.08748
419.108	154.72252
420.923	174.35757
422.73801	172.99261
424.552	114.62731
426.36499	125.26166
428.17801	78.896011
429.991	120.53036
431.80301	151.16435
433.61401	109.79801
435.42599	132.43201
437.23599	140.06529
439.04599	131.69859
440.85599	138.33189
442.66501	206.96484
444.474	188.59779
446.28201	155.23039
448.09	192.86299
449.897	165.49524
451.70401	226.12749
453.51001	179.75938
455.31601	185.39128
457.12201	218.02318
458.927	310.65472
460.73099	278.28592
462.535	252.91713
464.33801	284.54797
466.14099	293.17883
467.944	350.80966
469.746	311.44019
471.548	349.07068
473.349	321.70081
475.14899	307.33063
476.94901	344.96042
478.74899	244.59021
480.548	310.21967
482.34698	281.84912
484.14499	334.47821
485.94299	248.10732
487.73999	273.73605
489.53699	280.36481
491.33401	264.99356
493.129	263.62161
494.92499	345.25
496.72	327.87805
498.51401	288.50577
500.30801	360.13345
502.10199	354.76117
503.89499	318.38852
505.68701	216.01552
507.479	210.64252
509.271	230.26952
511.06201	152.89616
512.85303	195.52283
514.64301	274.14911
516.43298	213.77541
518.22198	128.40135
520.01099	168.02731
521.79901	199.65292
523.58698	166.2785
525.375	144.90411
527.16101	116.52902
528.948	115.15427
530.73401	71.779175
532.51898	120.40372
534.30402	115.02827
536.08899	80.652817
537.87299	121.27702
539.65698	103.90121
541.44	114.52508
543.22302	159.14893
545.005	78.77243
546.78699	223.39592
548.56799	98.019073
550.349	156.64223
552.12903	232.26505
553.909	193.88783
555.68799	116.51028
557.46698	205.13274
559.24597	125.75518
561.02399	74.377281
562.80103	87.999054
564.57898	87.62114
566.35498	37.242538
568.13098	64.863937
569.90698	124.48534
571.68201	31.106403
573.45697	168.72745
575.23102	126.34816
577.005	65.968857
578.77899	133.58955
580.55103	83.209572
582.32397	170.82991
584.09601	3.4499185
585.867	86.069572
587.638	9.6892204
589.409	172.30887
591.17902	81.928185
592.94897	41.54747
594.71802	77.166435
596.487	97.785385
598.255	71.403984
600.02301	64.022591
601.78998	59.640835
603.55701	101.25909
605.32397	63.877338
607.09003	58.495258
608.85498	131.11279
610.62	89.730354
612.38501	105.34792
614.14899	77.965111
615.91302	124.58232
617.67603	142.19917
619.43799	165.81567
621.20099	111.43253
622.96301	137.04903
624.724	162.66518
626.48499	127.28133
628.245	100.89714
630.005	92.512947
631.76501	217.12875
633.52399	134.7442
635.28302	132.35966
637.04102	181.97476
638.79797	198.58951
640.55603	158.20462
642.31201	144.81903
644.06897	180.43376
645.82501	210.04819
647.58002	139.66225
649.33502	228.27629
651.09003	156.89035
652.84399	280.50406
654.59698	268.1174
656.34998	301.73074
658.10303	269.34412
659.85498	304.95709
661.60699	315.57013
663.35797	305.18277
665.10901	296.79544
666.85999	233.40808
668.60999	254.02039
670.35901	261.63235
672.10797	293.24429
673.85699	264.85626
675.60498	216.46785
677.35199	337.0791
679.09998	223.6907
680.84601	302.30164
682.59302	288.91287
684.33899	370.52377
686.08398	353.13434
687.82898	392.74487
689.57397	352.35544
691.31799	345.96564
693.06097	344.5755
694.80402	420.18536
696.547	376.79523
698.289	393.40472
700.03101	415.01422
701.77197	401.62338
703.513	483.23254
705.25403	492.84171
706.99402	439.4505
708.73297	487.05896
710.47198	571.66742
712.211	501.27588
713.94897	478.88397
715.68701	468.4921
717.42401	553.09985
719.16101	581.70758
720.89801	592.31537
722.63397	643.92273
724.36902	622.52985
726.104	755.1369
727.83899	778.7439
729.573	1019.3506
731.30701	1201.9574
733.03998	1288.5637
734.77301	1717.17
736.505	2021.7761
738.237	2239.3821
739.96802	2393.9878
741.69897	2457.5933
743.42999	2448.199
745.15997	2384.8044
746.89001	1860.4097
748.61902	1595.0146
750.34802	1375.6196
752.07599	1129.2241
753.80402	1072.8287
755.53198	1020.4334
757.25897	849.03766
758.98499	807.64154
760.711	819.24548
762.43701	787.84937
764.16199	893.45294
765.88702	872.05652
767.61102	944.65973
769.33502	934.26288
771.05902	1119.8661
772.78198	1047.469
774.50403	1098.0715
776.22699	1132.6743
777.948	1323.2765
779.66901	1390.8787
781.39001	1318.4808
783.11102	1391.083
784.83099	1336.6848
786.54999	1206.2863
788.26898	1183.8877
789.98798	931.48914
791.70599	961.09027
793.42401	923.69135
795.14099	837.29211
796.85797	779.89288
798.57397	787.49329
800.28998	780.09369
802.00598	831.69409
803.72101	872.29419
805.435	974.89386
807.15002	1005.494
808.86298	1007.0933
810.57703	1029.693
812.289	998.29199
814.00201	992.89136
815.71399	931.49036
817.42499	890.08905
819.13702	837.68805
820.84698	762.28638
822.55798	704.88501
824.26703	704.48297
825.97699	575.0813
827.68597	641.67926
829.39398	522.27686
831.10199	515.87445
832.81	536.47205
834.51703	408.06934
836.224	442.6666
837.92999	471.26349
839.63599	403.86041
841.341	423.45697
843.047	456.05386
844.75098	451.65009
846.45502	464.24631
848.159	346.8425
849.862	383.43835
851.565	380.03424
853.26703	449.62976
854.96899	439.22525
856.67102	403.82077
858.37201	404.41592
860.073	389.01108
861.77301	385.6059
863.47302	438.20071
865.172	468.79517
866.87097	393.38962
868.57001	478.98407
870.26801	328.57819
871.96503	441.17197
873.66199	370.76572
875.35901	397.35947
877.05603	337.95325
878.75098	373.5463
880.44702	444.13971
882.14203	441.73279
883.83698	368.32581
885.53101	424.91855
887.22498	335.51123
888.91803	300.10361
890.61102	219.69598
892.30298	268.28796
893.995	354.88
895.68701	294.47202
897.37799	242.06366
899.06897	281.6553
900.75897	316.24664
902.44897	294.83795
904.138	215.42891
905.828	345.02023
907.51599	283.61084
909.20398	266.20145
910.89203	212.79207
912.57898	331.38232
914.26599	347.97256
915.953	315.56284
917.63898	238.15274
919.32397	294.74231
921.00897	342.33188
922.69397	373.92142
924.37903	320.51102
926.06201	382.09988
927.74597	274.68906
929.42902	366.27795
931.112	320.86679
932.79401	376.45532
934.47601	319.04382
936.15698	384.63199
937.83801	388.22015
939.51801	301.80795
941.198	335.39578
942.87799	336.98358
944.55701	406.57104
946.23602	467.15851
947.914	447.74564
949.59198	357.33273
951.27002	378.91986
952.94702	445.50662
954.62402	425.09338
956.29999	522.67981
957.97601	549.26624
959.651	480.85226
961.32599	509.43832
963.00098	527.02441
964.67499	566.61011
966.349	483.19583
968.02197	557.78119
969.69501	521.36658
971.367	470.95157
973.039	506.53659
974.711	343.12158
976.38202	439.70627
978.05298	467.29089
979.72302	437.87524
981.39301	477.45953
983.06201	451.04352
984.73199	459.62781
986.40002	410.21146
988.06799	528.79504
989.73602	477.37866
991.40399	496.96228
993.07098	448.54553
994.737	558.12848
996.40302	573.71136
998.06897	520.29425
999.73401	628.87683
1001.4	504.45978
1003.06	534.04059
1004.73	526.62488
1006.39	486.20572
1008.05	518.7865
1009.72	507.37082
1011.38	427.95166
1013.04	440.53244
1014.7	480.11328
1016.36	415.69409
1018.03	449.27841
1019.69	396.85922
1021.35	462.44003
1023	467.01736
1024.66	380.59818
1026.3199	428.17896
1027.98	416.7598
1029.64	423.34061
1031.3	463.92145
1032.95	475.49872
1034.61	416.07956
1036.27	502.66037
1037.92	506.2377
1039.58	575.81848
1041.23	581.39581
1042.89	609.97662
1044.54	566.55396
1046.1899	620.13123
1047.85	591.7121
1049.5	537.28937
1051.15	612.8667
1052.8	513.44403
1054.46	536.02484
1056.11	567.60217
1057.76	481.17947
1059.41	498.75681
1061.0601	416.33414
1062.71	503.91141
1064.36	476.48874
1066.01	464.06607
1067.65	540.63989
1069.3	546.21722
1070.95	608.79449
1072.6	567.37183
1074.24	602.94562
1075.89	595.52295
1077.54	643.10028
1079.1801	684.67407
1080.83	809.2514
1082.47	793.8252
1084.11	867.39905
1085.76	1042.9763
1087.4	1034.5502
1089.04	1036.124
1090.6899	1013.7013
1092.33	1072.2751
1093.97	1016.8489
1095.61	973.42273
1097.25	948.99658
1098.89	956.57037
1100.53	817.14423
1102.17	811.71802
1103.8101	810.29187
1105.45	867.86566
1107.09	827.43945
1108.73	865.01331
1110.37	790.5871
1112	796.15741
1113.64	722.73126
1115.28	774.30505
1116.91	857.87537
1118.55	769.44922
1120.1801	913.01953
1121.8199	890.59332
1123.45	1055.1636
1125.09	1058.7374
1126.72	1101.3077
1128.35	1184.8781
1129.99	1160.4519
1131.62	1144.0222
1133.25	1098.5925
1134.88	1179.1628
1136.51	1049.7332
1138.14	1141.3035
1139.77	1109.8738
1141.4	1100.4441
1143.03	1125.0145
1144.66	1095.5848
1146.29	1141.1552
1147.92	1034.7255
1149.55	1088.2958
1151.1801	1035.8661
1152.8	1036.4329
1154.4301	1041.0032
1156.0601	974.57355
1157.6801	1042.1404
1159.3101	1031.7107
1160.9301	1058.2775
1162.5601	1069.8478
1164.1801	1198.4147
1165.8101	1063.985
1167.4301	1168.5518
1169.05	1117.1185
1170.6801	1178.6888
1172.3	1181.2557
1173.92	1208.8225
1175.54	1170.3894
1177.16	1161.9562
1178.78	1108.5229
1180.4	1225.0898
1182.02	1292.6566
1183.64	1218.2234
1185.26	1271.7903
1186.88	1424.3571
1188.5	1310.9238
1190.12	1420.4907
1191.73	1332.0541
1193.35	1409.6208
1194.97	1435.1876
1196.58	1454.751
1198.2	1405.3177
1199.8199	1423.8846
1201.4301	1402.448
1203.05	1403.0148
1204.66	1407.5781
1206.27	1446.1414
1207.89	1437.7083
1209.5	1487.2715
1211.11	1336.8348
1212.73	1401.4017
1214.34	1514.965
1215.95	1487.5283
1217.5601	1470.0917
1219.17	1558.655
1220.78	1564.2183
1222.39	1554.7816
1224	1661.345
1225.61	1754.9082
1227.22	1755.4716
1228.83	1766.0349
1230.4399	1852.5981
1232.04	1984.1581
1233.65	1959.7213
1235.26	1979.2847
1236.86	2013.8445
1238.47	2087.4077
1240.08	2167.9712
1241.6801	2078.531
1243.29	2195.0942
1244.89	2203.6541
1246.5	2225.2175
1248.1	2352.7773
1249.7	2306.3372
1251.3101	2372.9004
1252.91	2355.4602
1254.51	2483.02
1256.11	2469.5798
1257.71	2410.1396
1259.3101	2425.6995
1260.91	2545.2593
1262.51	2532.8191
1264.11	2526.3789
1265.71	2485.9387
1267.3101	2499.4985
1268.91	2362.0583
1270.51	2551.6182
1272.11	2523.178
1273.7	2478.7344
1275.3	2579.2942
1276.9	2503.854
1278.49	2552.4104
1280.09	2589.9702
1281.6899	2629.53
1283.28	2451.0864
1284.88	2552.6462
1286.47	2529.2024
1288.0601	2494.7588
1289.66	2493.3186
1291.25	2427.875
1292.84	2523.4312
1294.4399	2439.991
1296.03	2349.5474
1297.62	2476.1038
1299.21	2481.6599
1300.8	2553.2163
1302.39	2484.7727
1303.98	2477.3291
1305.5699	2642.8853
1307.16	2619.4417
1308.75	2664.998
1310.34	2781.5542
1311.9301	2865.1106
1313.52	2847.667
1315.1	2907.2197
1316.6899	3090.7761
1318.28	3287.3325
1319.86	3203.8853
1321.45	3412.4417
1323.03	3478.9944
1324.62	3451.5508
1326.2	3456.1035
1327.79	3447.6599
1329.37	3505.2126
1330.95	3553.7654
1332.54	3379.3218
1334.12	3373.8748
1335.7	3269.4275
1337.29	3315.9839
1338.87	3119.5366
1340.45	3302.0894
1342.03	3300.6423
1343.61	3320.1951
1345.1899	3503.7478
1346.77	3677.3008
1348.35	3677.8535
1349.9301	3860.4065
1351.51	3983.9592
1353.08	4100.5083
1354.66	4218.0615
1356.24	4151.6143
1357.8199	4181.167
1359.39	4446.7163
1360.97	4380.269
1362.55	4552.8218
1364.12	4548.3711
1365.7	4634.9243
1367.27	4639.4736
1368.84	4806.0229
1370.42	4913.5757
1371.99	5047.125
1373.5699	5061.6777
1375.14	5178.2271
1376.71	5263.7764
1378.28	5412.3257
1379.85	5424.875
1381.4301	5507.4277
1383	5568.9771
1384.5699	5817.5264
1386.14	5861.0757
1387.71	5774.625
1389.28	6101.1743
1390.85	5984.7236
1392.41	6251.2695
1393.98	6121.8188
1395.55	6069.3682
1397.12	5848.9175
1398.6899	5804.4668
1400.25	5470.0127
1401.8199	5088.562
1403.38	4876.1079
1404.95	4560.6572
1406.52	4378.2065
1408.08	4175.7524
1409.65	3936.3018
1411.21	3662.8474
1412.77	3527.3933
1414.34	3168.9426
1415.9	3106.4885
1417.46	2923.0344
1419.02	2867.5801
1420.59	2791.1294
1422.15	2741.6753
1423.71	2653.2212
1425.27	2686.7671
1426.83	2634.3127
1428.39	2589.8586
1429.95	2564.4045
1431.51	2568.9502
1433.0699	2663.4961
1434.63	2574.042
1436.1801	2703.5842
1437.74	2670.1301
1439.3	2778.676
1440.86	2861.2217
1442.41	2990.7642
1443.97	2918.3098
1445.53	2994.8557
1447.08	2988.3979
1448.64	2960.9438
1450.1899	3109.4861
1451.75	3124.032
1453.3	3155.5745
1454.85	3105.1167
1456.41	3091.6626
1457.96	3112.2048
1459.51	3081.7471
1461.0601	3173.2896
1462.62	3165.8352
1464.17	3179.3777
1465.72	3164.9199
1467.27	3190.4624
1468.8199	3027.0046
1470.37	3045.5469
1471.92	3071.0894
1473.47	2880.6316
1475.02	2901.1738
1476.5699	2824.7163
1478.11	2809.2551
1479.66	2734.7974
1481.21	2711.3396
1482.76	2675.8821
1484.3	2657.4209
1485.85	2551.9631
1487.4	2683.5056
1488.9399	2502.0444
1490.49	2537.5867
1492.03	2454.1255
1493.58	2500.6677
1495.12	2354.2068
1496.66	2399.7456
1498.21	2341.2878
1499.75	2377.8267
1501.29	2391.3655
1502.83	2346.9043
1504.38	2322.4465
1505.92	2294.9856
1507.46	2363.5242
1509	2328.0632
1510.54	2368.6021
1512.08	2342.1409
1513.62	2339.6797
1515.16	2324.2185
1516.7	2349.7573
1518.24	2230.2961
1519.77	2337.8315
1521.3101	2448.3704
1522.85	2363.9092
1524.39	2305.448
1525.92	2375.9832
1527.46	2276.522
1529	2361.0608
1530.53	2383.5962
1532.0699	2520.135
1533.6	2442.6704
1535.14	2534.2092
1536.67	2572.7446
1538.21	2720.2834
1539.74	2608.8186
1541.27	2696.354
1542.8	2791.8894
1544.34	2827.4282
1545.87	2863.9636
1547.4	2979.4988
1548.9301	2872.0342
1550.46	2981.5696
1551.99	2952.1047
1553.52	3048.6401
1555.05	2895.1755
1556.58	3014.7107
1558.11	2917.2461
1559.64	2865.7815
1561.17	2975.3169
1562.7	2877.8521
1564.22	2668.384
1565.75	2607.9192
1567.28	2489.4546
1568.8101	2593.99
1570.33	2455.5217
1571.86	2302.0571
1573.38	2335.5889
1574.91	2281.1243
1576.4301	2177.6563
1577.96	2270.1914
1579.48	2220.7231
1581.01	2149.2585
1582.53	2109.7905
1584.05	2091.3223
1585.5699	1927.8541
1587.1	2071.3894
1588.62	2046.9213
1590.14	1984.4531
1591.66	1991.9849
1593.1801	2143.5168
1594.7	2145.0486
1596.22	2207.5803
1597.74	2205.1123
1599.26	2382.644
1600.78	2490.176
1602.3	2566.7078
1603.8199	2662.2395
1605.34	2789.7715
1606.85	2870.2998
1608.37	2914.8315
1609.89	2950.3633
1611.4	2927.8916
1612.92	2915.4236
1614.4399	2884.9553
1615.95	2963.4836
1617.47	2867.0156
1618.98	2859.5439
1620.5	2743.0757
1622.01	2720.604
1623.52	2709.1323
1625.04	2580.6643
1626.55	2532.1926
1628.0601	2610.7209
1629.58	2372.2527
1631.09	2396.781
1632.6	2261.3093
1634.11	2105.8376
1635.62	2134.366
1637.13	1963.8943
1638.64	1864.4227
1640.15	1732.951
1641.66	1618.4794
1643.17	1581.0077
1644.6801	1365.536
1646.1899	1395.0643
1647.7	1279.5927
1649.2	1196.1174
1650.71	1094.6458
1652.22	1018.1741
1653.72	1067.699
1655.23	968.22729
1656.74	906.75568
1658.24	1017.2805
1659.75	894.80884
1661.25	795.33362
1662.76	805.862
1664.26	880.38684
1665.76	870.91162
1667.27	719.44
1668.77	772.96484
1670.27	715.48962
1671.78	778.01801
1673.28	748.54279
1674.78	778.06763
1676.28	702.59247
1677.78	651.11731
1679.28	625.64215
1680.78	573.16699
1682.28	618.69183
1683.78	591.21667
1685.28	560.74146
1686.78	562.2663
1688.28	569.79114
1689.78	506.31598
1691.28	513.84082
1692.77	605.36212
1694.27	511.88696
1695.77	440.4118
1697.26	482.93314
1698.76	451.45798
1700.25	483.97931
1701.75	475.50412
1703.25	475.02896
1704.74	489.55029
1706.23	366.07162
1707.73	463.59647
1709.22	414.1178
1710.72	429.64261
1712.21	366.16394
1713.7	411.68527
1715.1899	323.2066
1716.6899	367.73145
1718.1801	329.25281
1719.67	356.77414
1721.16	323.29547
1722.65	342.8168
1724.14	326.33813
1725.63	249.85947
1727.12	273.3808
1728.61	344.90213
1730.1	274.42346
1731.59	306.94479
1733.0699	302.46262
1734.5601	308.98398
1736.05	300.50531
1737.54	300.02664
1739.02	245.54448
1740.51	266.0658
1742	323.58713
1743.48	250.10497
1744.97	201.6263
1746.45	287.14413
1747.9399	240.66545
1749.42	270.18332
1750.9	278.70114
1752.39	314.22247
1753.87	246.74031
1755.35	264.25815
1756.84	259.77948
1758.3199	259.2973
1759.8	277.81519
1761.28	281.33301
1762.76	228.85083
1764.24	243.36865
1765.73	227.88998
1767.21	205.40781
1768.6899	191.92564
1770.16	238.44
1771.64	297.95782
1773.12	247.47566
1774.6	193.9935
1776.08	262.51132
1777.5601	176.02919
1779.03	159.54352
1780.51	174.06134
1781.99	161.57918
1783.47	180.097
1784.9399	151.61133
1786.42	168.1292
1787.89	132.64352
1789.37	228.16135
1790.84	202.67567
1792.3199	190.19351
1793.79	257.70789
1795.26	160.2222
1796.74	144.74004
1798.21	84.254356
1799.6801	92.768723
