400.26199	79.980026
402.082	91.399956
403.901	104.75487
405.72	89.611984
407.539	83.819687
409.35699	73.001312
411.17499	70.810753
412.992	69.217537
414.80899	68.065849
416.625	65.411903
418.44101	59.073872
420.25601	37.398247
422.07101	41.822235
423.88501	46.510071
425.69901	43.271633
427.51199	42.673759
429.32501	40.166824
431.13699	40.923862
432.94901	43.066154
434.76001	48.740974
436.57101	61.502216
438.38199	76.951813
440.19199	79.8386
442.00101	78.798935
443.81	63.551498
445.61899	49.624374
447.427	35.034836
449.23401	34.492836
451.04099	19.149929
452.84799	24.348286
454.65399	30.762882
456.45999	39.056385
458.26501	51.141937
460.07001	58.794628
461.87399	72.819565
463.677	74.459061
465.48099	66.921257
467.284	69.604088
469.086	61.044418
470.888	55.671028
472.689	64.453209
474.48999	62.850266
476.29001	61.619568
478.09	54.133373
479.89001	53.83334
481.689	51.754059
483.487	56.704868
485.285	63.426426
487.08301	90.528847
488.88	86.878029
490.67599	84.859093
492.47299	75.680077
494.26801	67.388374
496.06299	65.278435
497.858	66.346107
499.65201	71.621361
501.44601	88.160767
503.23901	86.26725
505.03201	84.79792
506.82501	80.397812
508.617	70.374344
510.40799	63.472019
512.19897	43.037109
513.98901	31.775471
515.77899	32.262611
517.56897	27.104729
519.35797	13.297491
521.14697	8.5595894
522.935	0.44479135
524.72198	-0.042146094
526.50897	0.042205546
528.29602	14.247777
530.08197	26.916533
531.86798	20.879602
533.65302	15.621905
535.43799	31.610909
537.22302	24.790466
539.00702	23.753403
540.78998	26.560509
542.573	22.497379
544.35498	22.12693
546.13702	13.262955
547.91901	9.5028563
549.70001	23.824846
551.48102	21.85692
553.26099	27.308847
555.03998	23.782314
556.82001	22.428946
558.59802	36.378544
560.37701	48.72213
562.15503	37.031105
563.93201	39.132122
565.70898	44.24181
567.48499	45.78429
569.26099	38.777092
571.03699	44.765495
572.81201	51.805836
574.586	62.265911
576.35999	60.903595
578.13397	63.298725
579.90698	75.880074
581.67999	82.413811
583.45203	70.016579
585.224	52.987499
586.995	46.326157
588.76599	40.322895
590.53601	38.440784
592.30603	23.0306
594.07599	35.949265
595.84497	34.253242
597.61298	29.972805
599.38098	30.670639
601.14899	38.840275
602.91602	41.079182
604.68298	35.854946
606.44897	35.790684
608.21503	38.254623
609.97998	57.004253
611.745	84.199692
613.50897	99.360512
615.27301	90.932594
617.03699	91.777252
618.79999	99.474876
620.56201	93.609444
622.32397	81.462761
624.086	102.10392
625.84698	111.74074
627.60797	116.87963
629.36798	121.38651
631.12799	143.77643
632.88702	174.77237
634.646	190.75964
636.40399	219.89835
638.16199	243.91594
639.91998	274.11957
641.677	296.62625
643.43298	322.03323
645.19	337.85156
646.94501	340.70001
648.70001	327.48352
650.45502	310.10703
652.20898	291.04636
653.96301	266.15012
655.71698	239.01155
657.46997	240.40968
659.22198	252.60426
660.974	267.81189
662.72601	285.25757
664.47699	307.15775
666.22699	359.14441
667.97803	407.97101
669.72699	465.52902
671.47699	539.59369
673.22601	600.23389
674.974	648.80927
676.72198	666.17255
678.46899	659.91217
680.216	652.05878
681.96301	630.85486
683.70898	590.08807
685.45502	534.73242
687.20001	479.99149
688.94501	421.06451
690.68903	359.27588
692.43298	314.26215
694.17603	286.75922
695.91901	263.08307
697.66199	241.36798
699.40399	228.30225
701.14502	232.26233
702.88599	230.18785
704.62701	225.59384
706.367	232.38063
708.10699	241.95538
709.84601	225.53886
711.58502	207.11781
713.32397	205.10376
715.06201	197.19791
716.79901	193.42175
718.53601	178.06992
720.27301	182.33722
722.00897	171.06319
723.745	168.74596
725.47998	175.40265
727.21503	179.98573
728.95001	195.3436
730.68402	205.95262
732.41699	192.01176
734.15002	185.35669
735.883	171.91803
737.61499	174.39691
739.34698	185.34784
741.078	182.67957
742.80902	215.01569
744.539	221.94475
746.26898	211.96475
747.99902	209.14053
749.72803	196.43745
751.45599	191.33611
753.18402	200.77591
754.91199	203.04248
756.63898	201.48222
758.36603	192.09077
760.09302	184.82909
761.81799	176.26442
763.54401	158.74303
765.26898	153.2865
766.99402	162.8212
768.71802	165.44688
770.44098	155.64391
772.16498	157.5683
773.888	161.1722
775.60999	152.84964
777.33197	139.77817
779.05298	128.86252
780.77399	117.02048
782.495	109.49863
784.21503	101.32315
785.935	105.243
787.65399	103.22322
789.37299	106.66669
791.091	114.29198
792.80902	126.47134
794.52698	116.29573
796.24402	116.89495
797.961	119.44656
799.677	113.25776
801.39301	101.13401
803.10797	105.02741
804.823	100.36674
806.53699	102.36407
808.25098	97.772537
809.96503	109.57506
811.67798	109.33417
813.39099	100.11061
815.10303	104.74405
816.815	100.00968
818.526	86.720932
820.237	92.886894
821.94702	112.56792
823.65698	136.77702
825.367	141.76103
827.07599	158.81859
828.78497	159.80693
830.49298	150.06351
832.20099	131.15565
833.909	130.46413
835.61603	145.69476
837.32202	137.82999
839.02802	129.09511
840.73401	124.61132
842.43903	108.98037
844.14398	105.07659
845.84802	95.540672
847.552	98.546013
849.25598	106.70711
850.95898	105.97642
852.66199	108.87769
854.36401	105.67501
856.06598	107.08707
857.76703	106.59868
859.46802	123.45648
861.16803	135.92041
862.86798	158.94708
864.56799	190.35902
866.26703	202.10854
867.966	213.97487
869.664	218.09236
871.362	218.5387
873.06	219.16705
874.75702	204.4705
876.453	198.90817
878.14899	196.17262
879.84497	182.84406
881.53998	179.54129
883.23499	177.06117
884.92999	171.85803
886.62402	147.81937
888.31702	122.23083
890.01001	102.4172
891.703	104.40874
893.39502	100.58638
895.08698	101.90244
896.77802	102.43938
898.46899	107.18397
900.15997	113.33126
901.84998	125.34421
903.53998	134.72093
905.229	139.42216
906.91803	133.55627
908.60602	120.2141
910.29401	100.00195
911.98199	95.079704
913.66901	90.953903
915.35602	100.62047
917.04199	106.87119
918.72803	114.77572
920.41302	133.03516
922.09802	156.82268
923.78302	170.22934
925.46698	177.35017
927.151	178.28044
928.83398	173.64803
930.51703	175.84229
932.19897	179.85909
933.88098	178.41264
935.56299	198.16542
937.24402	201.13016
938.92499	190.33307
940.60498	193.90822
942.28497	184.73434
943.96399	182.54747
945.64301	168.28697
947.32202	138.20837
949	137.52362
950.67798	114.71754
952.35498	96.638802
954.03198	97.079475
955.70801	97.818794
957.38501	106.48469
959.06	118.49664
960.73499	121.96745
962.40997	134.71109
964.08502	127.9396
965.75897	128.02509
967.43201	130.32695
969.10498	130.77174
970.77802	125.96106
972.45001	125.82571
974.12201	116.70331
975.79303	121.52884
977.46399	124.99084
979.13501	122.02413
980.80499	122.58128
982.47498	129.78772
984.14398	137.02876
985.81299	123.1702
987.48102	122.12981
989.15002	130.56128
990.81702	145.44722
992.48401	155.99989
994.151	168.25374
995.81799	193.74576
997.48401	205.61856
999.14899	201.95894
1000.81	207.5847
1002.48	193.73061
1004.14	188.2047
1005.81	187.21643
1007.47	187.3226
1009.13	188.88776
1010.8	193.81282
1012.46	205.06194
1014.12	200.83044
1015.78	170.60776
1017.44	161.11652
1019.1	162.07559
1020.76	156.50647
1022.42	156.53047
1024.08	171.27312
1025.74	177.44423
1027.4	179.81456
1029.0601	169.2585
1030.72	179.65909
1032.37	184.5871
1034.03	178.4899
1035.6899	180.79956
1037.34	188.74503
1039	183.07629
1040.65	173.86588
1042.3101	188.53491
1043.96	185.33304
1045.61	189.96246
1047.27	188.19424
1048.92	207.03571
1050.5699	200.67807
1052.23	197.2735
1053.88	177.83359
1055.53	182.90027
1057.1801	183.61612
1058.83	197.25421
1060.48	193.83163
1062.13	207.75539
1063.78	202.70085
1065.4301	210.10506
1067.08	202.42271
1068.73	198.42873
1070.37	219.45142
1072.02	220.10245
1073.67	204.71881
1075.3101	202.2133
1076.96	196.92059
1078.61	187.26427
1080.25	189.17439
1081.9	183.64354
1083.54	193.3718
1085.1801	196.888
1086.83	195.46115
1088.47	199.16341
1090.11	192.87004
1091.76	184.4908
1093.4	190.67792
1095.04	197.91704
1096.6801	208.49379
1098.3199	227.36058
1099.96	245.59103
1101.6	256.31927
1103.24	263.36356
1104.88	264.82779
1106.52	274.97595
1108.16	283.99863
1109.8	283.96503
1111.4301	300.89172
1113.0699	321.76291
1114.71	339.52582
1116.34	363.49158
1117.98	376.7739
1119.61	385.30664
1121.25	389.27747
1122.88	374.47256
1124.52	365.78528
1126.15	354.84186
1127.79	356.13724
1129.42	363.65704
1131.05	350.48853
1132.6801	340.39798
1134.3199	332.45093
1135.95	318.44269
1137.58	305.30441
1139.21	304.35245
1140.84	311.97174
1142.47	313.52621
1144.1	310.96817
1145.73	327.56158
1147.36	336.24585
1148.98	339.10263
1150.61	329.65286
1152.24	336.38043
1153.87	343.15134
1155.49	339.35446
1157.12	349.32886
1158.74	364.3501
1160.37	362.78766
1161.99	348.96487
1163.62	330.20761
1165.24	327.164
1166.87	328.37646
1168.49	305.99081
1170.11	306.05551
1171.74	305.8999
1173.36	300.13342
1174.98	307.64389
1176.6	295.70419
1178.22	293.21027
1179.84	280.15375
1181.46	279.61664
1183.08	288.94095
1184.7	299.18741
1186.3199	307.45117
1187.9399	328.46814
1189.5601	325.53271
1191.1801	339.15146
1192.79	348.97733
1194.41	371.09818
1196.03	378.89868
1197.64	384.69855
1199.26	364.36066
1200.87	358.00034
1202.49	349.07358
1204.1	353.73929
1205.72	361.00293
1207.33	358.43927
1208.9399	367.55078
1210.5601	377.70627
1212.17	354.00394
1213.78	367.15891
1215.39	365.95438
1217.01	377.89783
1218.62	378.66302
1220.23	375.02563
1221.84	399.35367
1223.45	417.72934
1225.0601	412.94473
1226.67	412.15158
1228.27	385.40536
1229.88	380.17923
1231.49	355.00934
1233.1	353.7876
1234.71	379.45758
1236.3101	393.93646
1237.92	405.95715
1239.52	408.8949
1241.13	403.4263
1242.73	409.2991
1244.34	395.14658
1245.9399	400.04111
1247.55	410.88858
1249.15	436.89554
1250.75	456.05838
1252.36	461.10065
1253.96	470.25482
1255.5601	472.76837
1257.16	472.03082
1258.76	482.97284
1260.36	491.508
1261.97	512.39441
1263.5699	504.26294
1265.17	500.62488
1266.76	505.87799
1268.36	531.04083
1269.96	547.93964
1271.5601	561.74738
1273.16	580.23505
1274.75	586.19812
1276.35	574.1272
1277.95	563.17737
1279.54	534.00629
1281.14	525.55438
1282.74	498.32758
1284.33	473.74512
1285.92	460.71686
1287.52	463.69354
1289.11	454.02026
1290.71	449.8584
1292.3	444.12445
1293.89	451.01831
1295.48	475.63495
1297.08	483.0965
1298.67	495.74353
1300.26	505.52911
1301.85	499.35364
1303.4399	500.80145
1305.03	498.28836
1306.62	515.58466
1308.21	544.27075
1309.8	544.84851
1311.38	555.06201
1312.97	556.53156
1314.5601	555.93176
1316.15	561.11566
1317.73	570.27264
1319.3199	586.99768
1320.91	596.49762
1322.49	590.14386
1324.08	587.7605
1325.66	587.18188
1327.25	578.87646
1328.83	592.92993
1330.42	610.30414
1332	627.24921
1333.58	648.8349
1335.16	657.59808
1336.75	657.88586
1338.33	647.04724
1339.91	627.93182
1341.49	616.93744
1343.0699	619.52753
1344.65	620.01801
1346.23	640.44379
1347.8101	639.64838
1349.39	654.58929
1350.97	667.98016
1352.55	677.7478
1354.13	682.00879
1355.7	689.18268
1357.28	699.70782
1358.86	722.87799
1360.4301	725.9306
1362.01	735.43402
1363.59	739.69525
1365.16	735.26294
1366.74	733.92651
1368.3101	713.90564
1369.88	716.8327
1371.46	707.91205
1373.03	694.37158
1374.6	671.01276
1376.1801	662.0531
1377.75	661.57758
1379.3199	664.23633
1380.89	649.66559
1382.46	653.50183
1384.04	636.44672
1385.61	618.09253
1387.1801	601.18414
1388.75	605.79944
1390.3101	615.99005
1391.88	623.14636
1393.45	637.04315
1395.02	658.55908
1396.59	668.77179
1398.15	686.31738
1399.72	706.56476
1401.29	719.05896
1402.85	737.97662
1404.42	750.52283
1405.99	754.8266
1407.55	786.0257
1409.12	811.69305
1410.6801	836.49811
1412.24	857.29901
1413.8101	858.39508
1415.37	858.2348
1416.9301	832.04425
1418.5	812.96716
1420.0601	819.93683
1421.62	824.59052
1423.1801	811.58185
1424.74	795.98438
1426.3	773.33069
1427.86	747.27441
1429.42	723.56879
1430.98	703.49518
1432.54	705.09686
1434.1	704.80261
1435.66	700.49536
1437.22	706.40002
1438.77	708.72839
1440.33	735.70679
1441.89	751.38196
1443.45	766.84088
1445	783.11304
1446.5601	797.41614
1448.11	810.95642
1449.67	826.57129
1451.22	820.65277
1452.78	833.92566
1454.33	801.21051
1455.88	788.81183
1457.4399	760.85492
1458.99	755.12708
1460.54	737.42078
1462.09	723.87457
1463.65	708.24707
1465.2	696.42816
1466.75	648.26282
1468.3	619.20593
1469.85	581.45636
1471.4	565.68085
1472.95	541.26892
1474.5	520.2077
1476.05	513.41046
1477.59	505.67328
1479.14	494.91495
1480.6899	483.75854
1482.24	463.94833
1483.78	453.10278
1485.33	430.10654
1486.88	421.79413
1488.42	426.18674
1489.97	431.24234
1491.51	435.35358
1493.0601	428.46121
1494.6	417.10052
1496.15	414.94839
1497.6899	414.07684
1499.23	426.9111
1500.78	432.97101
1502.3199	444.47617
1503.86	443.28003
1505.4	453.50821
1506.9399	451.10858
1508.48	456.15915
1510.02	454.70337
1511.5601	455.58511
1513.1	449.61847
1514.64	445.68198
1516.1801	457.98804
1517.72	464.2681
1519.26	445.81659
1520.8	443.16586
1522.34	445.5542
1523.87	450.81625
1525.41	463.13098
1526.95	474.46732
1528.48	501.62549
1530.02	507.65445
1531.55	513.30615
1533.09	527.88495
1534.62	526.96948
1536.16	510.82098
1537.6899	504.77136
1539.23	514.22894
1540.76	528.56018
1542.29	540.61023
1543.83	559.88586
1545.36	570.22156
1546.89	572.55298
1548.42	563.00983
1549.95	546.40179
1551.48	545.42566
1553.01	549.88257
1554.54	551.18372
1556.0699	573.25958
1557.6	582.31818
1559.13	609.95251
1560.66	638.14111
1562.1899	650.07843
1563.72	647.08954
1565.24	646.43323
1566.77	634.9245
1568.3	634.49835
1569.8199	624.56494
1571.35	641.02618
1572.88	651.17572
1574.4	662.80939
1575.9301	663.73383
1577.45	647.66638
1578.98	642.20526
1580.5	648.7655
1582.02	658.78888
1583.55	668.4967
1585.0699	668.78424
1586.59	668.47412
1588.11	672.96497
1589.64	665.78979
1591.16	662.62274
1592.6801	661.07892
1594.2	651.20605
1595.72	650.51941
1597.24	654.18341
1598.76	654.49683
1600.28	667.20404
1601.8	680.22736
1603.3199	670.66626
1604.83	674.85352
1606.35	679.0282
1607.87	691.12946
1609.39	694.13989
1610.9	688.50458
1612.42	677.90442
1613.9301	653.43372
1615.45	623.56079
1616.97	617.67499
1618.48	612.26483
1620	630.52185
1621.51	640.50128
1623.02	651.0694
1624.54	672.40869
1626.05	658.23657
1627.5601	657.84784
1629.08	647.7804
1630.59	615.89832
1632.1	609.18488
1633.61	587.45856
1635.12	565.63715
1636.63	571.56024
1638.14	567.95087
1639.65	586.77856
1641.16	577.61523
1642.67	554.2699
1644.1801	535.88989
1645.6899	511.44504
1647.2	490.37677
1648.71	475.46869
1650.21	462.81967
1651.72	479.27524
1653.23	478.53595
1654.73	477.22461
1656.24	461.04382
1657.75	443.29587
1659.25	435.24429
1660.76	409.05908
1662.26	387.27594
1663.77	383.6319
1665.27	383.83139
1666.77	395.43777
1668.28	378.03189
1669.78	368.70758
1671.28	369.42651
1672.78	361.04156
1674.29	354.92569
1675.79	342.1727
1677.29	342.37222
1678.79	335.59772
1680.29	312.40759
1681.79	288.60272
1683.29	283.21335
1684.79	271.87613
1686.29	273.53439
1687.79	260.09314
1689.29	245.26239
1690.78	226.86383
1692.28	225.45287
1693.78	206.35368
1695.28	203.99033
1696.77	194.86874
1698.27	181.01637
1699.76	163.40993
1701.26	147.69159
1702.76	153.42358
1704.25	161.61375
1705.74	153.40123
1707.24	157.9688
1708.73	148.18484
1710.23	130.50558
1711.72	121.76925
1713.21	117.72127
1714.7	130.29671
1716.2	128.78198
1717.6899	123.26648
1719.1801	129.05835
1720.67	114.52551
1722.16	115.72009
1723.65	107.10497
1725.14	115.4337
1726.63	116.78831
1728.12	101.94382
1729.61	96.644745
1731.1	85.536217
1732.59	76.202599
1734.08	78.046463
1735.5601	65.564842
1737.05	77.192284
1738.54	75.040421
1740.02	61.913895
1741.51	76.87458
1743	86.514961
1744.48	116.36683
1745.97	147.93359
1747.45	169.47369
1748.9399	200.15741
1750.42	203.94421
1751.9	201.24188
1753.39	212.02948
1754.87	224.28394
1756.35	232.8067
1757.84	238.57269
1759.3199	234.02625
1760.8	240.93427
1762.28	221.14978
1763.76	212.8371
1765.24	202.3988
1766.72	187.11639
1768.2	162.69556
1769.6801	136.88509
1771.16	114.7195
1772.64	121.50215
1774.12	124.21535
1775.6	121.6993
1777.08	116.26967
1778.55	114.69228
1780.03	103.3016
1781.51	78.114532
1782.99	64.420868
1784.46	67.250336
1785.9399	65.950714
1787.41	47.412277
1788.89	40.666611
1790.36	24.331654
1791.84	17.140186
1793.3101	-5.9452534e-005
1794.79	6.8604755
1796.26	19.040655
1797.73	15.948009
1799.21	19.055248
1800.6801	6.2527709
