399.841	827.57635
401.66101	863.36694
403.48001	790.4906
405.29901	628.8656
407.117	494.90417
408.935	444.74667
410.75201	429.78708
412.569	401.41928
414.38501	359.64346
416.20099	289.39209
418.017	199.65752
419.832	132.72687
421.646	98.078522
423.45999	62.417633
425.27301	63.414234
427.086	106.65844
428.89899	148.4048
430.711	260.59052
432.52301	352.32202
434.33401	303.5419
436.14401	242.32776
437.95401	238.91628
439.76401	251.99228
441.573	318.98254
443.38199	394.19739
445.19	376.53595
446.99799	373.66129
448.80499	411.57788
450.612	385.7825
452.418	354.11676
454.224	374.66528
456.02899	432.11731
457.83401	500.71161
459.638	525.28033
461.44199	483.95084
463.245	443.79993
465.048	412.36182
466.85101	429.97986
468.65302	518.7699
470.45401	520.03271
472.255	464.63354
474.056	442.25116
475.85599	443.16443
477.65601	454.73578
479.45499	444.64221
481.25299	468.2951
483.052	504.79404
484.849	476.36908
486.647	475.37225
488.44299	527.32202
490.23999	553.47638
492.035	602.44183
493.83099	657.69244
495.62601	694.68213
497.42001	744.27606
499.21399	734.29413
501.00699	679.31836
502.79999	638.64856
504.59299	561.97742
506.38501	519.2981
508.17599	532.72662
509.96799	473.21356
511.758	400.78778
513.54797	316.90765
515.33801	232.02367
517.12701	204.70653
518.91602	152.32578
520.70398	128.59148
522.492	144.19719
524.27899	141.54465
526.06598	143.23589
527.85303	109.41397
529.638	70.215004
531.42401	81.53624
533.20898	83.592201
534.99298	54.024223
536.77698	29.530079
538.56097	83.505363
540.34399	181.68289
542.12701	223.20485
543.909	270.28741
545.69098	309.56403
547.47198	281.24908
549.25299	223.49873
551.03302	175.68417
552.81299	215.33258
554.59198	273.90927
556.37097	221.39264
558.14899	139.68443
559.927	93.187958
561.70502	50.06628
563.48199	18.096796
565.258	24.256008
567.03497	40.595352
568.81	52.290337
570.58502	103.08662
572.35999	133.92763
574.13397	94.263138
575.90802	51.899017
577.68103	71.967842
579.45398	129.68042
581.22699	125.88011
582.99902	102.61179
584.77002	170.21187
586.54102	194.28384
588.31201	146.39322
590.08197	193.25995
591.85101	296.24222
593.62	341.84418
595.38898	313.53995
597.15698	309.5144
598.92499	388.33829
600.69202	449.63983
602.45898	423.66919
604.22498	424.65125
605.99103	479.80539
607.75702	496.05084
609.52197	542.16602
611.28601	603.08313
613.04999	586.20703
614.81403	524.34705
616.57703	477.53223
618.34003	484.89084
620.10199	527.95264
621.86401	560.05579
623.625	597.96948
625.38599	626.38306
627.146	633.87408
628.90601	708.17676
630.66602	816.96814
632.42499	823.90839
634.18298	819.16211
635.94098	885.60266
637.69897	863.07257
639.45599	831.77252
641.21301	968.14349
642.96899	1084.3224
644.72498	1050.0447
646.47998	1074.0741
648.23499	1153.7374
649.98999	1196.9259
651.74402	1301.825
653.49701	1371.951
655.25	1306.2031
657.00299	1203.7378
658.755	1179.2664
660.50702	1199.7366
662.258	1226.5068
664.00897	1277.5616
665.75897	1247.6683
667.50897	1164.2894
669.25897	1168.6262
671.008	1202.3521
672.75598	1185.5095
674.50403	1190.7649
676.25201	1269.8835
677.99902	1331.2434
679.74597	1354.9161
681.492	1480.4015
683.23798	1696.0344
684.98297	1805.9319
686.72803	1816.8987
688.47198	1846.5621
690.216	1816.423
691.96002	1721.6208
693.703	1653.0497
695.44598	1622.6184
697.18799	1560.5771
698.92999	1428.77
700.67102	1340.6926
702.41199	1338.876
704.15198	1364.5063
705.89203	1383.3165
707.63098	1432.2472
709.37097	1463.1781
711.10901	1451.078
712.84698	1540.7932
714.58502	1674.2393
716.32202	1765.1401
718.05902	1861.6167
719.79498	1945.1984
721.53101	2056.7141
723.26703	2222.6548
725.00201	2377.1594
726.73602	2587.791
728.46997	2870.832
730.20398	3176.7046
731.93701	3551.3416
733.66998	3907.0093
735.40198	4191.9419
737.13397	4444.2954
738.86499	4793.3628
740.59601	5232.0957
742.32703	5538.1206
744.05701	5709.0083
745.78699	5700.2832
747.51599	5427.1284
749.245	5019.3223
750.97302	4620.2539
752.70099	4209.9941
754.42798	3823.7834
756.15503	3564.9092
757.88202	3403.7222
759.60797	3321.9956
761.33301	3351.0806
763.05798	3413.207
764.78302	3447.1304
766.50702	3500.4858
768.23102	3539.249
769.95502	3525.7495
771.67798	3476.7578
773.40002	3464.6973
775.12201	3560.5327
776.84399	3695.2427
778.565	3796.4048
780.28601	3886.3782
782.00598	3938.6724
783.72601	3933.3589
785.44501	3868.4937
787.164	3690.6096
788.883	3408.2129
790.60101	3030.2961
792.31897	2648.2395
794.03601	2338.8408
795.75299	2108.6621
797.46899	2011.1703
799.185	1914.1565
800.90002	1780.9231
802.61499	1702.3635
804.33002	1639.593
806.04401	1653.127
807.758	1706.5105
809.47101	1643.475
811.18402	1517.7302
812.896	1391.9784
814.60797	1247.749
816.32001	1088.6875
818.03101	959.26978
819.74103	880.396
821.45203	801.02942
823.16101	728.46155
824.87097	680.67627
826.58002	655.72998
828.28802	638.7984
829.99597	619.43036
831.70398	618.04053
833.41101	627.8252
835.117	590.69946
836.82397	494.75406
838.53003	420.43335
840.23499	391.79807
841.94	377.25378
843.64398	342.77625
845.34802	301.00272
847.052	328.7312
848.755	379.05725
850.45801	427.43491
852.15997	504.72922
853.862	501.57568
855.56403	529.28278
857.26501	636.45795
858.96503	639.85516
860.66602	593.18402
862.36499	575.67328
864.065	555.9715
865.76398	515.60901
867.46198	501.7345
869.15997	490.04388
870.85797	428.0426
872.55499	372.60101
874.25098	327.36426
875.948	309.82971
877.64398	300.06995
879.33899	263.33209
881.034	243.11784
882.729	212.45088
884.42297	183.72693
886.11603	195.10147
887.81	205.01581
889.50201	203.99236
891.19501	219.2502
892.88702	209.71771
894.578	157.41121
896.26898	133.05186
897.96002	158.99864
899.65002	140.47
901.34003	88.888062
903.03003	100.97938
904.71899	89.982925
906.40698	65.863083
908.09497	94.966446
909.78302	103.65468
911.46997	112.82915
913.15698	133.66936
914.84302	180.75729
916.52899	251.17624
918.21503	280.52298
919.90002	264.18054
921.58502	249.05417
923.26898	289.82596
924.953	285.638
926.63599	270.5148
928.31897	336.56485
930.00201	350.60706
931.68402	311.427
933.36603	294.85049
935.047	281.92123
936.72803	303.50427
938.40802	367.61978
940.08801	379.48517
941.76801	360.73029
943.44702	380.86276
945.12598	390.30432
946.80402	409.71271
948.48199	434.47046
950.159	459.23102
951.836	496.87457
953.513	491.50409
955.18903	560.74738
956.86499	652.59583
958.53998	651.36658
960.21503	657.18817
961.89001	638.95276
963.56403	621.45068
965.237	619.02032
966.91101	581.35327
968.58398	569.45166
970.25598	549.77759
971.92798	484.90399
973.599	478.36169
975.271	566.11951
976.94098	656.06921
978.612	684.53662
980.28101	671.20746
981.95099	682.67188
983.62	666.92133
985.289	607.18719
986.95697	622.31244
988.62402	653.24005
990.29199	654.52228
991.95898	666.26044
993.625	656.61798
995.29102	615.38672
996.95697	592.1452
998.62201	648.37939
1000.29	704.37714
1001.95	686.01398
1003.62	653.55939
1005.28	658.29889
1006.94	691.48358
1008.6	663.66809
1010.27	598.66968
1011.93	618.74298
1013.59	624.24524
1015.25	529.13873
1016.91	477.78394
1018.57	508.33701
1020.23	541.08374
1021.89	594.25165
1023.55	606.35388
1025.21	536.3183
1026.87	523.64484
1028.53	572.71307
1030.1801	540.37775
1031.84	422.74091
1033.5	388.957
1035.15	426.87943
1036.8101	380.47751
1038.46	300.54486
1040.12	257.07458
1041.77	230.13815
1043.4301	255.70444
1045.08	380.9263
1046.73	479.90884
1048.39	476.57874
1050.04	460.38098
1051.6899	421.83746
1053.34	405.41821
1054.99	439.07202
1056.64	422.18402
1058.29	410.40857
1059.9399	470.33633
1061.59	473.88986
1063.24	402.11279
1064.89	411.0314
1066.54	511.58224
1068.1899	585.89972
1069.83	625.72076
1071.48	680.85791
1073.13	741.3515
1074.77	759.08594
1076.42	764.67444
1078.0699	856.06311
1079.71	999.4751
1081.36	1135.3633
1083	1331.538
1084.64	1527.2371
1086.29	1638.3676
1087.9301	1715.4888
1089.5699	1787.5215
1091.21	1841.0903
1092.86	1788.4613
1094.5	1687.9705
1096.14	1618.1169
1097.78	1574.2791
1099.42	1538.9587
1101.0601	1488.0961
1102.7	1491.4409
1104.34	1485.3234
1105.97	1461.2375
1107.61	1491.1124
1109.25	1501.7957
1110.89	1415.7684
1112.52	1332.6741
1114.16	1363.0837
1115.8	1405.4142
1117.4301	1442.9006
1119.0699	1496.6827
1120.7	1521.5569
1122.34	1592.3768
1123.97	1725.9156
1125.6	1779.9961
1127.24	1821.4481
1128.87	1879.6865
1130.5	1880.8298
1132.13	1894.3771
1133.77	1892.3801
1135.4	1883.5957
1137.03	1807.509
1138.66	1695.2246
1140.29	1712.9758
1141.92	1729.769
1143.55	1670.0249
1145.17	1651.371
1146.8	1644.3932
1148.4301	1656.8687
1150.0601	1714.0765
1151.6899	1728.286
1153.3101	1706.302
1154.9399	1754.8118
1156.5601	1879.1622
1158.1899	1933.2916
1159.8101	1971.639
1161.4399	2084.126
1163.0601	2149.9663
1164.6899	2192.248
1166.3101	2296.2783
1167.9301	2350.5029
1169.5601	2366.8271
1171.1801	2479.6536
1172.8	2563.8215
1174.42	2491.4932
1176.04	2460.4961
1177.66	2585.0552
1179.28	2676.5786
1180.9	2695.4517
1182.52	2694.6553
1184.14	2679.5371
1185.76	2699.918
1187.38	2740.4871
1189	2794.6826
1190.62	2881.2212
1192.23	2970.4531
1193.85	3002.5869
1195.47	3038.6265
1197.08	3070.0684
1198.7	2996.2952
1200.3101	2962.8823
1201.9301	3022.5684
1203.54	3056.0273
1205.15	3111.6196
1206.77	3221.6665
1208.38	3347.7737
1209.99	3458.3447
1211.61	3605.8726
1213.22	3829.2466
1214.83	3967.5806
1216.4399	4087.9487
1218.05	4229.2358
1219.66	4331.6563
1221.27	4511.8657
1222.88	4712.5083
1224.49	4880.8467
1226.1	5010.5625
1227.71	5093.1484
1229.3199	5106.978
1230.92	5068.5781
1232.53	5069.8086
1234.14	5120.1514
1235.74	5211.8311
1237.35	5291.1328
1238.96	5369.9688
1240.5601	5485.5244
1242.17	5613.4941
1243.77	5738.084
1245.37	5838.3901
1246.98	5886.7056
1248.58	5959.5898
1250.1801	6042.2153
1251.79	6051.9497
1253.39	6135.8315
1254.99	6267.3701
1256.59	6265.2612
1258.1899	6210.9214
1259.79	6284.6802
1261.39	6335.1289
1262.99	6304.4258
1264.59	6426.8535
1266.1899	6595.2363
1267.79	6600.3228
1269.39	6585.2588
1270.99	6714.3354
1272.58	6817.917
1274.1801	6886.7646
1275.78	7006.4277
1277.37	7097.9229
1278.97	7226.6235
1280.5601	7380.6211
1282.16	7480.9307
1283.75	7576.1592
1285.35	7701.7891
1286.9399	7779.0776
1288.54	7858.5757
1290.13	8041.3857
1291.72	8216.4434
1293.3101	8276.5674
1294.91	8318
1296.5	8422.1582
1298.09	8504.9551
1299.6801	8553.75
1301.27	8592.1172
1302.86	8713.624
1304.45	8944.5186
1306.04	9186.6162
1307.63	9366.7637
1309.22	9464.792
1310.8	9600.2705
1312.39	9870.4111
1313.98	10233.414
1315.5699	10546.861
1317.15	10847.453
1318.74	11130.085
1320.3199	11362.676
1321.91	11542.554
1323.5	11590.49
1325.08	11636.264
1326.66	11686.679
1328.25	11643.551
1329.83	11586.596
1331.41	11518.729
1333	11444.568
1334.58	11443.098
1336.16	11415.162
1337.74	11465.508
1339.3199	11625.244
1340.9	11766.534
1342.49	12031.554
1344.0699	12476.197
1345.64	12873.23
1347.22	13082.67
1348.8	13353.867
1350.38	13717.44
1351.96	14047.502
1353.54	14425.465
1355.11	14782.312
1356.6899	14936.01
1358.27	14956.066
1359.84	15040.552
1361.42	15194.814
1363	15316.052
1364.5699	15437.071
1366.15	15675.502
1367.72	16016.76
1369.29	16337.631
1370.87	16605.791
1372.4399	16828.043
1374.01	17078.029
1375.59	17413.59
1377.16	17628.389
1378.73	17784.16
1380.3	17927.32
1381.87	17964.545
1383.4399	18101.926
1385.01	18205.555
1386.58	17991.811
1388.15	17760.354
1389.72	17781.189
1391.29	17742.27
1392.86	17481.73
1394.42	17088.035
1395.99	16814.43
1397.5601	16743.055
1399.13	16355.28
1400.6899	15768.004
1402.26	15266.059
1403.8199	14690.504
1405.39	14186.915
1406.95	13739.98
1408.52	13229.158
1410.08	12688.959
1411.65	12110.388
1413.21	11487.369
1414.77	10954.788
1416.34	10610.588
1417.9	10365.084
1419.46	10116.934
1421.02	9965.5391
1422.58	9944.4395
1424.14	9916.8076
1425.7	9925.9023
1427.26	9912.668
1428.8199	9761.1797
1430.38	9634.752
1431.9399	9701.5645
1433.5	9859.5439
1435.0601	9890.4482
1436.62	9840.4492
1438.17	9937.0273
1439.73	10081.758
1441.29	10184.96
1442.84	10300.584
1444.4	10413.565
1445.95	10485.263
1447.51	10411.9
1449.0601	10246.947
1450.62	10066.955
1452.17	9982.9922
1453.73	9998.2168
1455.28	9908.7227
1456.83	9705.0313
1458.38	9532.7256
1459.9399	9371.1484
1461.49	9153.2148
1463.04	8871.8789
1464.59	8576.7217
1466.14	8384.8838
1467.6899	8206.2012
1469.24	8110.668
1470.79	8115.2944
1472.34	8023.4697
1473.89	7892.5488
1475.4399	7716.4565
1476.99	7524.5947
1478.53	7507.7437
1480.08	7570.8862
1481.63	7521.0513
1483.17	7419.9648
1484.72	7312.1104
1486.27	7238.0698
1487.8101	7252.0352
1489.36	7245.3755
1490.9	7255.2744
1492.45	7310.4102
1493.99	7223.1577
1495.53	7058.897
1497.08	7007.4409
1498.62	7105.4775
1500.16	7248.2603
1501.7	7279.7725
1503.25	7327.6064
1504.79	7452.7524
1506.33	7466.6191
1507.87	7464.2358
1509.41	7547.4331
1510.95	7613.8945
1512.49	7661.9199
1514.03	7656.269
1515.5699	7690.5093
1517.11	7867.1943
1518.64	8031.2705
1520.1801	8160.1465
1521.72	8306.0752
1523.26	8436.9639
1524.79	8571.7695
1526.33	8748.417
1527.87	8937.0078
1529.4	9121.9814
1530.9399	9334.9385
1532.47	9506.1289
1534.01	9678.5693
1535.54	9905.7207
1537.0699	9965.9443
1538.61	9918.0605
1540.14	10041.299
1541.67	10201.027
1543.21	10251.189
1544.74	10290.202
1546.27	10307.127
1547.8	10319.471
1549.33	10330.391
1550.86	10216.186
1552.39	10092.78
1553.92	10062.735
1555.45	10008.909
1556.98	9862.2803
1558.51	9691.3848
1560.04	9619.1953
1561.5699	9544.6055
1563.09	9411.7168
1564.62	9300.2578
1566.15	9148.0049
1567.67	8978.041
1569.2	8950.7803
1570.73	9065
1572.25	9132.8291
1573.78	9127.0576
1575.3	9130.3145
1576.83	9133.3643
1578.35	9160.2607
1579.87	9154.3848
1581.4	9171.1563
1582.92	9345.9258
1584.4399	9487.4297
1585.96	9517.9131
1587.49	9566.4268
1589.01	9660.1729
1590.53	9804.2559
1592.05	10111.693
1593.5699	10487.218
1595.09	10775.287
1596.61	11103.009
1598.13	11398.445
1599.65	11602.297
1601.17	11845.557
1602.6899	12186.059
1604.2	12451.735
1605.72	12495.086
1607.24	12422.063
1608.75	12321.119
1610.27	12212.204
1611.79	12119.123
1613.3	11990.589
1614.8199	11671.557
1616.33	11369.332
1617.85	11160.714
1619.36	10847.388
1620.88	10589.024
1622.39	10333.607
1623.9	9942.6182
1625.42	9503.3135
1626.9301	9034.1445
1628.4399	8563.0605
1629.95	8159.5791
1631.46	7790.1709
1632.98	7397.4814
1634.49	7012.8413
1636	6634.3057
1637.51	6334.0654
1639.02	6046.2593
1640.53	5694.0898
1642.04	5358.2319
1643.54	5099.9307
1645.05	4881.0503
1646.5601	4607.2954
1648.0699	4310.7354
1649.58	4042.8823
1651.08	3858.1753
1652.59	3657.9651
1654.1	3403.356
1655.6	3247.2036
1657.11	3170.8057
1658.61	3006.7141
1660.12	2803.2915
1661.62	2727.2578
1663.13	2669.2493
1664.63	2514.0569
1666.13	2368.3835
1667.64	2277.9307
1669.14	2180.7017
1670.64	2072.8086
1672.14	2008.9448
1673.64	1983.533
1675.15	1907.1376
1676.65	1782.894
1678.15	1651.8748
1679.65	1516.7651
1681.15	1433.4624
1682.65	1405.8551
1684.15	1385.8108
1685.64	1364.3373
1687.14	1330.0369
1688.64	1242.8099
1690.14	1109.9347
1691.64	978.54663
1693.13	942.21277
1694.63	1003.8752
1696.13	976.38702
1697.62	897.8913
1699.12	879.46619
1700.61	847.71637
1702.11	767.88849
1703.6	679.3537
1705.1	682.24097
1706.59	714.57727
1708.09	656.06238
1709.58	605.59631
1711.0699	593.31519
1712.5601	553.87091
1714.0601	519.82959
1715.55	515.22369
1717.04	512.3479
1718.53	515.83362
1720.02	527.38214
1721.51	494.01276
1723	423.50253
1724.49	371.74878
1725.98	394.64871
1727.47	436.79132
1728.96	439.12003
1730.45	442.22122
1731.9399	423.72147
1733.42	388.48138
1734.91	371.52667
1736.4	384.28
1737.89	361.33643
1739.37	322.86749
1740.86	336.20789
1742.34	310.70691
1743.83	278.68811
1745.3101	290.21594
1746.8	308.10632
1748.28	369.54309
1749.77	433.69733
1751.25	430.56036
1752.73	429.65491
1754.22	508.52362
1755.7	599.81555
1757.1801	623.0874
1758.66	609.70563
1760.14	679.7439
1761.63	784.83929
1763.11	784.73065
1764.59	755.97284
1766.0699	729.44714
1767.55	710.98639
1769.03	714.92914
1770.51	656.92694
1771.98	578.29523
1773.46	539.58228
1774.9399	470.79538
1776.42	409.10184
1777.9	410.62445
1779.37	385.6846
1780.85	327.02576
1782.33	245.08138
1783.8	158.79083
1785.28	141.80937
1786.75	130.46286
1788.23	95.101784
1789.7	116.16978
1791.1801	143.35947
1792.65	112.73537
1794.12	77.053246
1795.6	43.379002
1797.0699	26.015957
1798.54	43.452682
1800.02	45.648941
