399.20999	508
401.03101	506
402.85001	512
404.67001	501
406.48901	485
408.30701	497
410.125	488
411.94199	487
413.759	488
415.57599	504
417.392	511
419.207	485
421.022	485
422.83701	464
424.651	456
426.46399	473
428.27701	455
430.09	446
431.90201	425
433.71399	438
435.52499	434
437.336	448
439.146	441
440.95599	441
442.76501	441
444.57401	458
446.38199	448
448.19	454
449.99701	442
451.80399	431
453.60999	440
455.41599	434
457.22198	440
459.02701	458
460.83099	459
462.63501	470
464.43799	487
466.242	493
468.04401	469
469.84601	474
471.64801	488
473.44901	463
475.25	443
477.04999	471
478.849	465
480.64899	458
482.44699	479
484.246	448
486.04401	454
487.841	450
489.638	486
491.43399	493
493.23001	478
495.026	481
496.82001	478
498.61499	507
500.409	485
502.203	488
503.996	487
505.78799	478
507.57999	490
509.37201	465
511.16299	446
512.95398	442
514.74402	449
516.534	442
518.323	447
520.112	429
521.90002	468
523.68799	424
525.47601	447
527.263	447
529.04901	441
530.83502	454
532.62097	446
534.40601	456
536.19	461
537.97498	456
539.758	482
541.54102	461
543.32397	473
545.10602	500
546.888	491
548.66998	477
550.45001	461
552.23102	487
554.01099	477
555.78998	471
557.56897	486
559.34802	488
561.12598	467
562.90302	475
564.68103	445
566.45697	466
568.23297	468
570.00897	455
571.784	452
573.55902	443
575.33398	467
577.10699	447
578.88098	452
580.65399	436
582.42603	423
584.198	440
585.96997	458
587.74103	434
589.51202	452
591.28198	424
593.052	419
594.82098	440
596.59003	423
598.35797	418
600.12598	416
601.89301	408
603.65997	413
605.427	410
607.19299	403
608.95801	391
610.72302	431
612.48798	427
614.25201	403
616.01599	421
617.77899	415
619.54199	446
621.30402	408
623.06598	448
624.82703	419
626.58801	426
628.349	428
630.10901	440
631.86798	441
633.62701	461
635.38599	458
637.14398	457
638.90198	447
640.659	442
642.41602	454
644.17297	466
645.92798	474
647.68402	465
649.43903	494
651.19299	484
652.948	471
654.70099	459
656.45398	475
658.20697	455
659.95898	464
661.711	454
663.46198	456
665.21301	469
666.96399	460
668.71399	445
670.46301	449
672.21198	471
673.961	447
675.70898	428
677.45697	464
679.20398	462
680.95099	463
682.69702	467
684.44299	453
686.18903	472
687.93402	464
689.67798	474
691.422	464
693.16602	468
694.909	463
696.65198	453
698.39398	462
700.13599	457
701.87701	435
703.61798	463
705.35901	449
707.099	480
708.83801	462
710.578	462
712.31598	477
714.05499	464
715.79199	459
717.53003	465
719.26703	467
721.00299	469
722.73901	472
724.474	450
726.21002	471
727.94397	479
729.67798	524
731.41199	561
733.14502	616
734.87799	614
736.61102	669
738.34302	747
740.07397	750
741.80499	773
743.53601	789
745.26599	718
746.99597	655
748.72498	588
750.45398	550
752.18201	542
753.90997	492
755.638	484
757.36499	482
759.091	473
760.81799	465
762.54303	476
764.26898	463
765.99298	471
767.71802	468
769.44202	490
771.16498	488
772.888	529
774.61102	494
776.33301	534
778.05499	549
779.776	530
781.49701	528
783.21698	539
784.93701	527
786.65698	532
788.37598	530
790.09497	524
791.81299	536
793.53101	510
795.24799	472
796.96503	511
798.68103	468
800.39697	479
802.11298	474
803.828	458
805.54303	467
807.25702	466
808.97101	477
810.68402	472
812.39697	479
814.10901	437
815.82098	436
817.53302	438
819.24402	465
820.95502	445
822.66498	442
824.375	428
826.08398	420
827.79303	414
829.50201	427
831.21002	437
832.91803	426
834.625	433
836.33197	449
838.03802	425
839.74402	423
841.45001	435
843.15503	443
844.85901	452
846.56299	436
848.26703	457
849.96997	461
851.67297	453
853.37598	447
855.078	475
856.77899	438
858.48102	460
860.18103	424
861.88202	438
863.58099	447
865.28101	456
866.97998	425
868.67798	441
870.37598	461
872.07397	455
873.771	446
875.46802	440
877.164	461
878.85999	443
880.55603	447
882.25098	455
883.94598	434
885.64001	437
887.33398	452
889.02698	453
890.71997	433
892.41302	433
894.10498	447
895.79602	445
897.487	432
899.17798	422
900.86902	443
902.55902	411
904.24799	404
905.93701	409
907.62598	416
909.31403	437
911.00201	401
912.68903	423
914.37598	394
916.06201	404
917.74902	418
919.43402	400
921.11902	422
922.80402	404
924.48901	411
926.17297	403
927.85602	394
929.539	402
931.22198	399
932.90399	403
934.586	402
936.26703	401
937.948	396
939.62903	413
941.30902	410
942.98798	411
944.66803	375
946.34698	412
948.02502	402
949.703	413
951.38098	407
953.05798	402
954.73401	410
956.41101	422
958.08698	411
959.76202	418
961.43701	432
963.112	427
964.78601	411
966.46002	423
968.133	424
969.80603	435
971.47803	437
973.15002	447
974.82202	451
976.49298	440
978.164	445
979.83398	426
981.50403	436
983.17401	439
984.84302	435
986.51202	420
988.17999	427
989.84802	427
991.51501	415
993.18201	427
994.849	417
996.51501	423
998.18103	439
999.84601	410
1001.51	432
1003.18	436
1004.84	439
1006.5	419
1008.17	446
1009.83	423
1011.49	414
1013.15	415
1014.82	411
1016.48	433
1018.14	430
1019.8	429
1021.46	436
1023.12	422
1024.78	426
1026.4399	415
1028.09	432
1029.75	421
1031.41	429
1033.0699	404
1034.72	420
1036.38	430
1038.03	424
1039.6899	424
1041.34	433
1043	436
1044.65	437
1046.3101	454
1047.96	438
1049.61	449
1051.27	439
1052.92	446
1054.5699	459
1056.22	435
1057.87	441
1059.52	420
1061.17	424
1062.8199	405
1064.47	419
1066.12	417
1067.77	419
1069.42	399
1071.0601	407
1072.71	402
1074.36	436
1076	414
1077.65	424
1079.29	420
1080.9399	416
1082.58	428
1084.23	427
1085.87	456
1087.52	469
1089.16	477
1090.8	431
1092.4399	474
1094.09	433
1095.73	436
1097.37	448
1099.01	420
1100.65	444
1102.29	430
1103.9301	421
1105.5699	446
1107.2	436
1108.84	418
1110.48	448
1112.12	431
1113.75	406
1115.39	406
1117.03	405
1118.66	418
1120.3	403
1121.9301	423
1123.5699	416
1125.2	424
1126.84	428
1128.47	446
1130.1	456
1131.73	455
1133.37	443
1135	456
1136.63	437
1138.26	453
1139.89	424
1141.52	448
1143.15	419
1144.78	428
1146.41	422
1148.04	426
1149.66	424
1151.29	441
1152.92	442
1154.55	443
1156.17	453
1157.8	424
1159.42	443
1161.05	452
1162.67	435
1164.3	447
1165.92	440
1167.55	423
1169.17	448
1170.79	440
1172.41	427
1174.04	431
1175.66	434
1177.28	432
1178.9	429
1180.52	423
1182.14	432
1183.76	439
1185.38	443
1187	451
1188.62	445
1190.23	453
1191.85	464
1193.47	498
1195.08	482
1196.7	479
1198.3199	479
1199.9301	465
1201.55	446
1203.16	463
1204.78	467
1206.39	480
1208	471
1209.62	454
1211.23	442
1212.84	441
1214.46	459
1216.0699	456
1217.6801	468
1219.29	471
1220.9	452
1222.51	472
1224.12	466
1225.73	491
1227.34	478
1228.95	481
1230.55	467
1232.16	503
1233.77	513
1235.38	521
1236.98	511
1238.59	545
1240.1899	532
1241.8	566
1243.4	556
1245.01	579
1246.61	531
1248.22	570
1249.8199	547
1251.42	552
1253.03	554
1254.63	550
1256.23	528
1257.83	575
1259.4301	547
1261.03	531
1262.63	568
1264.23	542
1265.83	547
1267.4301	526
1269.03	565
1270.63	544
1272.23	528
1273.8199	524
1275.42	522
1277.02	525
1278.61	547
1280.21	521
1281.8101	536
1283.4	537
1285	554
1286.59	530
1288.1801	539
1289.78	560
1291.37	558
1292.96	529
1294.5601	516
1296.15	554
1297.74	504
1299.33	533
1300.92	525
1302.51	528
1304.1	527
1305.6899	524
1307.28	544
1308.87	550
1310.46	575
1312.05	588
1313.63	588
1315.22	618
1316.8101	619
1318.4	661
1319.98	646
1321.5699	699
1323.15	718
1324.74	756
1326.3199	742
1327.91	813
1329.49	835
1331.08	810
1332.66	855
1334.24	876
1335.8199	885
1337.41	846
1338.99	886
1340.5699	849
1342.15	800
1343.73	825
1345.3101	827
1346.89	797
1348.47	830
1350.05	766
1351.63	776
1353.21	751
1354.78	815
1356.36	775
1357.9399	787
1359.51	743
1361.09	756
1362.67	816
1364.24	822
1365.8199	825
1367.39	830
1368.97	837
1370.54	887
1372.11	901
1373.6899	997
1375.26	965
1376.83	1004
1378.4	1092
1379.98	1144
1381.55	1175
1383.12	1224
1384.6899	1309
1386.26	1320
1387.83	1394
1389.4	1502
1390.97	1565
1392.54	1631
1394.11	1676
1395.67	1616
1397.24	1697
1398.8101	1640
1400.37	1531
1401.9399	1449
1403.51	1320
1405.0699	1300
1406.64	1137
1408.2	1027
1409.77	977
1411.33	946
1412.9	888
1414.46	835
1416.02	805
1417.58	759
1419.15	682
1420.71	655
1422.27	665
1423.83	598
1425.39	600
1426.95	576
1428.51	576
1430.0699	567
1431.63	572
1433.1899	542
1434.75	566
1436.3101	568
1437.87	564
1439.42	552
1440.98	600
1442.54	571
1444.09	595
1445.65	597
1447.21	609
1448.76	615
1450.3199	633
1451.87	636
1453.42	654
1454.98	633
1456.53	671
1458.08	692
1459.64	684
1461.1899	691
1462.74	710
1464.29	725
1465.84	729
1467.39	728
1468.9399	702
1470.49	713
1472.04	731
1473.59	702
1475.14	727
1476.6899	738
1478.24	727
1479.79	734
1481.33	688
1482.88	702
1484.4301	673
1485.97	700
1487.52	668
1489.0699	665
1490.61	658
1492.16	649
1493.7	651
1495.24	624
1496.79	647
1498.33	628
1499.87	634
1501.42	615
1502.96	614
1504.5	618
1506.04	602
1507.58	593
1509.13	599
1510.67	618
1512.21	623
1513.75	586
1515.28	593
1516.8199	556
1518.36	564
1519.9	555
1521.4399	542
1522.98	575
1524.51	557
1526.05	523
1527.59	563
1529.12	558
1530.66	569
1532.1899	567
1533.73	552
1535.26	556
1536.8	562
1538.33	569
1539.86	579
1541.4	617
1542.9301	567
1544.46	607
1546	636
1547.53	654
1549.0601	634
1550.59	690
1552.12	716
1553.65	689
1555.1801	711
1556.71	709
1558.24	706
1559.77	705
1561.3	704
1562.8199	676
1564.35	667
1565.88	674
1567.41	647
1568.9301	621
1570.46	610
1571.98	590
1573.51	553
1575.04	549
1576.5601	533
1578.08	547
1579.61	539
1581.13	534
1582.66	531
1584.1801	507
1585.7	516
1587.22	486
1588.75	500
1590.27	517
1591.79	535
1593.3101	534
1594.83	501
1596.35	557
1597.87	569
1599.39	589
1600.91	624
1602.4301	645
1603.95	670
1605.46	713
1606.98	754
1608.5	803
1610.02	861
1611.53	917
1613.05	951
1614.5601	988
1616.08	1053
1617.6	1017
1619.11	1021
1620.62	980
1622.14	982
1623.65	944
1625.17	930
1626.6801	909
1628.1899	862
1629.7	835
1631.22	757
1632.73	765
1634.24	711
1635.75	689
1637.26	640
1638.77	627
1640.28	623
1641.79	603
1643.3	551
1644.8101	533
1646.3199	508
1647.8199	512
1649.33	494
1650.84	496
1652.35	497
1653.85	497
1655.36	473
1656.87	456
1658.37	466
1659.88	478
1661.38	450
1662.89	471
1664.39	465
1665.89	453
1667.4	446
1668.9	430
1670.4	431
1671.91	438
1673.41	417
1674.91	418
1676.41	418
1677.91	446
1679.41	404
1680.91	399
1682.41	420
1683.91	408
1685.41	393
1686.91	423
1688.41	413
1689.91	389
1691.41	383
1692.9	396
1694.4	387
1695.9	400
1697.39	378
1698.89	371
1700.39	358
1701.88	369
1703.38	383
1704.87	382
1706.37	375
1707.86	366
1709.35	383
1710.85	367
1712.34	382
1713.83	355
1715.3199	362
1716.8199	350
1718.3101	367
1719.8	362
1721.29	364
1722.78	367
1724.27	358
1725.76	353
1727.25	372
1728.74	362
1730.23	365
1731.72	364
1733.21	377
1734.6899	359
1736.1801	360
1737.67	372
1739.15	368
1740.64	355
1742.13	350
1743.61	360
1745.1	357
1746.58	366
1748.0699	348
1749.55	365
1751.04	353
1752.52	355
1754	366
1755.49	338
1756.97	362
1758.45	360
1759.9301	364
1761.41	361
1762.9	365
1764.38	362
1765.86	359
1767.34	356
1768.8199	356
1770.3	354
1771.78	345
1773.26	357
1774.73	360
1776.21	355
1777.6899	357
1779.17	351
1780.64	344
1782.12	342
1783.6	336
1785.0699	351
1786.55	339
1788.03	351
1789.5	361
1790.98	361
1792.45	347
1793.92	356
1795.4	354
1796.87	348
1798.34	339
1799.8199	338
