400.71201	0.051395351
403.33401	0.050979759
405.95599	0.050189906
408.57599	0.044193037
411.19601	0.043258485
413.815	0.043461973
416.43201	0.037559818
419.04999	0.036948316
421.66599	0.029691474
424.28101	0.03183314
426.896	0.029706225
429.51001	0.034738901
432.12299	0.039192054
434.73499	0.038735967
437.34601	0.035618121
439.957	0.038649304
442.56601	0.042039611
445.17499	0.050989944
447.78299	0.053248028
450.39001	0.053233918
452.99701	0.057274627
455.60199	0.065728465
458.207	0.06770769
460.811	0.070770447
463.414	0.067299291
466.01599	0.064943106
468.617	0.06764216
471.21799	0.072222756
473.81799	0.072273933
476.41699	0.076908102
479.01501	0.076112251
481.612	0.0736003
484.20901	0.066960434
486.80399	0.063044482
489.39899	0.060789501
491.99301	0.066698736
494.586	0.070616997
497.17899	0.073087817
499.76999	0.069415533
502.36099	0.064939698
504.95099	0.057471921
507.54001	0.060005787
510.129	0.06362815
512.716	0.063527727
515.30298	0.056623733
517.88898	0.054329261
520.474	0.054247785
523.05798	0.055545595
525.64203	0.051100537
528.224	0.051305033
530.80603	0.053507893
533.38702	0.052203591
535.96802	0.045529397
538.547	0.033738754
541.12598	0.023358803
543.70398	0.021483695
546.28101	0.025530064
548.85699	0.029641085
551.43201	0.030058837
554.00702	0.021904935
556.58099	0.022801166
559.15399	0.026962472
561.72601	0.029727583
564.297	0.030655046
566.86798	0.028347654
569.43799	0.030424963
572.00702	0.029169725
574.57501	0.021607374
577.14203	0.015504018
579.70898	0.011083621
582.27502	0.013194021
584.84003	0.01739043
587.40399	0.017520885
589.96698	0.018184663
592.53003	0.015376761
595.09198	0.016366402
597.65302	0.023961418
600.21301	0.027919947
602.77197	0.029404702
605.33099	0.028177039
607.88898	0.033709079
610.44598	0.048918395
613.00201	0.061357089
615.55701	0.062675828
618.112	0.062305087
620.66602	0.075209738
623.21899	0.094841895
625.771	0.110548958
628.323	0.126025855
630.87402	0.136650059
633.42297	0.149738906
635.97302	0.155417071
638.521	0.147297711
641.06799	0.143524884
643.61499	0.140917024
646.16101	0.138521428
648.70599	0.145056093
651.25098	0.1454352
653.79401	0.141255256
656.33698	0.135567549
658.87903	0.127012938
661.42102	0.131730019
663.961	0.135394773
666.50098	0.133512639
669.03998	0.117959302
671.578	0.108095764
674.11499	0.098091966
676.65198	0.097384488
679.18799	0.098294865
681.72302	0.09238071
684.25702	0.08359401
686.78998	0.080314116
689.323	0.070752157
691.85498	0.064302178
694.38599	0.062782671
696.91602	0.06331435
699.44598	0.067841163
701.97498	0.075006327
704.50299	0.080228999
707.03003	0.08381268
709.55701	0.089999674
712.08197	0.094605345
714.60699	0.108517135
717.13098	0.126833922
719.65503	0.136687043
722.177	0.148896568
724.69897	0.152876674
727.21997	0.155500992
729.73999	0.159858325
732.26001	0.166179611
734.77899	0.184119704
737.297	0.21375577
739.81403	0.241072556
742.33002	0.257150327
744.84601	0.245813436
747.36102	0.214613874
749.875	0.180909368
752.388	0.151713324
754.901	0.134335317
757.41302	0.120588463
759.92401	0.115559839
762.43402	0.111060789
764.94397	0.102927476
767.45203	0.089101833
769.96002	0.075254171
772.46802	0.064872897
774.974	0.065634123
777.47998	0.063642421
779.98499	0.064025341
782.48901	0.060025184
784.992	0.054645819
787.495	0.058124194
789.99701	0.065793047
792.49799	0.069042772
794.99902	0.075762818
797.49799	0.081679227
799.99701	0.090427368
802.495	0.095669593
804.99298	0.102023565
807.48901	0.101202633
809.98499	0.099480975
812.47998	0.086311208
814.974	0.068379963
817.46802	0.052483642
819.961	0.040695992
822.453	0.02938681
824.94397	0.026163071
827.435	0.02422909
829.92401	0.021054602
832.41302	0.020005123
834.90198	0.018473232
837.38898	0.017183882
839.87598	0.011133745
842.362	0.005476284
844.84698	0.003822612
847.33197	0.011031857
849.81598	0.019371209
852.29901	0.02686338
854.78101	0.029737291
857.26202	0.022056052
859.74298	0.014361343
862.22302	0.01536794
864.70203	0.027736246
867.18103	0.036764208
869.659	0.038722581
872.13599	0.035302791
874.612	0.038151174
877.08801	0.039975541
879.56201	0.041264901
882.03699	0.04070529
884.51001	0.043397848
886.98199	0.045908932
889.45398	0.045195555
891.92499	0.042074042
894.396	0.037901199
896.86499	0.035980481
899.33398	0.038902997
901.802	0.04226269
904.27002	0.049803867
906.73602	0.050534548
909.20203	0.046898
911.66699	0.049682493
914.13202	0.054068796
916.59497	0.061415984
919.05798	0.063652393
921.52002	0.057202325
923.98199	0.060305072
926.44202	0.066417464
928.90198	0.066992006
931.362	0.068612507
933.82001	0.069203058
936.27802	0.076679989
938.73499	0.087252368
941.19098	0.092566995
943.64697	0.089742923
946.10199	0.092756248
948.55603	0.097663948
951.00897	0.109340667
953.46198	0.124441078
955.914	0.134424575
958.36499	0.14014029
960.815	0.153230776
963.26501	0.162292149
965.71399	0.172493009
968.16199	0.177251589
970.60901	0.181336362
973.05603	0.177061927
975.50201	0.174334625
977.948	0.166137279
980.39203	0.159481619
982.836	0.158134127
985.27899	0.158719392
987.72198	0.149413965
990.16302	0.14648142
992.604	0.143308402
995.04401	0.15117442
997.48401	0.169845404
999.92297	0.194132367
1002.36	0.20603571
1004.8	0.204016707
1007.23	0.198330065
1009.67	0.196419391
1012.11	0.205950262
1014.54	0.213180483
1016.97	0.204399247
1019.41	0.198781233
1021.84	0.196619069
1024.27	0.193052258
1026.7	0.192785498
1029.13	0.188903985
1031.5601	0.178361392
1033.99	0.171417683
1036.42	0.160126575
1038.84	0.156611696
1041.27	0.155067692
1043.7	0.148868062
1046.12	0.14061657
1048.55	0.137726274
1050.97	0.139264424
1053.39	0.144742991
1055.8101	0.146140207
1058.24	0.14454843
1060.66	0.142212919
1063.08	0.145424423
1065.5	0.148560275
1067.91	0.146540499
1070.33	0.145221559
1072.75	0.144331255
1075.17	0.14805318
1077.58	0.150278375
1080	0.151221682
1082.41	0.156239484
1084.8199	0.164028983
1087.24	0.175873132
1089.65	0.189017037
1092.0601	0.200734978
1094.47	0.212615962
1096.88	0.220968759
1099.29	0.225924813
1101.7	0.231117229
1104.11	0.233632561
1106.51	0.239950349
1108.92	0.248852886
1111.33	0.258011165
1113.73	0.266057134
1116.14	0.27787549
1118.54	0.298303007
1120.9399	0.326159037
1123.34	0.355037395
1125.75	0.37975122
1128.15	0.401261621
1130.55	0.420115445
1132.95	0.433470073
1135.35	0.439325366
1137.74	0.443502436
1140.14	0.442876938
1142.54	0.442621208
1144.9301	0.443706552
1147.33	0.438466964
1149.72	0.440470485
1152.12	0.437300462
1154.51	0.435992339
1156.9	0.438215965
1159.29	0.436110612
1161.6801	0.433002019
1164.0699	0.446926959
1166.46	0.446391301
1168.85	0.444418224
1171.24	0.43823004
1173.63	0.431810916
1176.02	0.429933995
1178.4	0.435952599
1180.79	0.434030852
1183.17	0.437283785
1185.5601	0.440793205
1187.9399	0.444581583
1190.3199	0.45036454
1192.7	0.45813867
1195.08	0.46581047
1197.46	0.469733396
1199.84	0.474406195
1202.22	0.466187666
1204.6	0.458350733
1206.98	0.456659572
1209.36	0.459102737
1211.73	0.460823703
1214.11	0.463531374
1216.48	0.472407713
1218.86	0.489797957
1221.23	0.497133271
1223.6	0.500463767
1225.98	0.497179019
1228.35	0.501635261
1230.72	0.516232369
1233.09	0.529809043
1235.46	0.541812969
1237.83	0.549400465
1240.1899	0.559356873
1242.5601	0.574711142
1244.9301	0.584490259
1247.29	0.59105441
1249.66	0.59697603
1252.02	0.601787351
1254.39	0.611188066
1256.75	0.618314935
1259.11	0.620224807
1261.48	0.629411614
1263.84	0.641115245
1266.2	0.649068724
1268.5601	0.657535083
1270.92	0.662757308
1273.27	0.663326768
1275.63	0.668423861
1277.99	0.672281405
1280.35	0.680367823
1282.7	0.690644633
1285.0601	0.701356285
1287.41	0.70206843
1289.76	0.713548715
1292.12	0.731307852
1294.47	0.75091368
1296.8199	0.769890721
1299.17	0.7842576
1301.52	0.786366833
1303.87	0.79277077
1306.22	0.8000135
1308.5699	0.815857088
1310.92	0.828525425
1313.26	0.842032009
1315.61	0.85174953
1317.95	0.857336722
1320.3	0.864188323
1322.64	0.862000107
1324.99	0.857138804
1327.33	0.845893078
1329.67	0.836248461
1332.01	0.820355246
1334.35	0.818685846
1336.6899	0.817250769
1339.03	0.806389431
1341.37	0.790461112
1343.71	0.787015489
1346.05	0.782727455
1348.38	0.790357812
1350.72	0.789357483
1353.05	0.787921767
1355.39	0.790408173
1357.72	0.793851856
1360.0601	0.790353649
1362.39	0.792365875
1364.72	0.790099078
1367.05	0.786440942
1369.38	0.770060561
1371.71	0.752445741
1374.04	0.731269508
1376.37	0.72531567
1378.7	0.722642133
1381.02	0.719234405
1383.35	0.720336378
1385.6801	0.719113459
1388	0.724805109
1390.33	0.720390902
1392.65	0.708268087
1394.97	0.696321381
1397.3	0.690460978
1399.62	0.682441952
1401.9399	0.673728309
1404.26	0.649250486
1406.58	0.634925121
1408.9	0.620211774
1411.22	0.615806105
1413.54	0.60965707
1415.85	0.60221628
1418.17	0.593319384
1420.49	0.589308724
1422.8	0.590396836
1425.11	0.595318647
1427.4301	0.605400118
1429.74	0.620728201
1432.05	0.640924282
1434.37	0.65423574
1436.6801	0.659436415
1438.99	0.660727388
1441.3	0.663748719
1443.61	0.666665709
1445.92	0.678393965
1448.22	0.672687696
1450.53	0.676148103
1452.84	0.670134939
1455.14	0.662018409
1457.45	0.663601753
1459.75	0.666466088
1462.0601	0.662750377
1464.36	0.66367688
1466.66	0.661536186
1468.97	0.666303368
1471.27	0.672165213
1473.5699	0.664787936
1475.87	0.656082501
1478.17	0.657133191
1480.47	0.662164145
1482.76	0.659432394
1485.0601	0.662851689
1487.36	0.668239662
1489.65	0.674927502
1491.95	0.682683442
1494.24	0.684558424
1496.54	0.691029706
1498.83	0.710665717
1501.12	0.719290537
1503.42	0.728210945
1505.71	0.738625496
1508	0.743268207
1510.29	0.757979047
1512.58	0.774023723
1514.87	0.785319383
1517.16	0.802066198
1519.4399	0.810895182
1521.73	0.818870186
1524.02	0.833335989
1526.3	0.856178664
1528.59	0.876918375
1530.87	0.898593577
1533.15	0.914006935
1535.4399	0.931131301
1537.72	0.949230757
1540	0.963579209
1542.28	0.96097259
1544.5601	0.963974784
1546.84	0.972599936
1549.12	0.9884813
1551.4	0.989335751
1553.6801	0.995424941
1555.96	0.997035228
1558.23	1
1560.51	0.997529561
1562.78	0.983497679
1565.0601	0.97583877
1567.33	0.980450943
1569.6	0.972388062
1571.88	0.966768794
1574.15	0.965707484
1576.42	0.966900929
1578.6899	0.964961157
1580.96	0.954982892
1583.23	0.943729597
1585.5	0.932781942
1587.77	0.931818751
1590.04	0.924329493
1592.3	0.914217981
1594.5699	0.904582519
1596.83	0.892870277
1599.1	0.882844868
1601.36	0.875857442
1603.63	0.86377503
1605.89	0.851464942
1608.15	0.842201944
1610.41	0.834622775
1612.6801	0.828045023
1614.9399	0.814207369
1617.2	0.793587966
1619.45	0.776094683
1621.71	0.764472896
1623.97	0.748100273
1626.23	0.734424771
1628.49	0.720297513
1630.74	0.708075255
1633	0.701630442
1635.25	0.690818163
1637.51	0.672552652
1639.76	0.657325526
1642.01	0.635258509
1644.26	0.618965721
1646.52	0.606331612
1648.77	0.586749723
1651.02	0.563093093
1653.27	0.545043312
1655.52	0.524555546
1657.76	0.508873023
1660.01	0.483811215
1662.26	0.467437008
1664.5	0.459674374
1666.75	0.451902869
1669	0.438306468
1671.24	0.422031184
1673.48	0.402938968
1675.73	0.387558277
1677.97	0.376363787
1680.21	0.35630443
1682.45	0.339633972
1684.6899	0.322189016
1686.9301	0.309387858
1689.17	0.296615583
1691.41	0.284052746
1693.65	0.27146843
1695.89	0.262916395
1698.13	0.244435059
1700.36	0.223424887
1702.6	0.209671935
1704.83	0.195941644
1707.0699	0.187187213
1709.3	0.170175251
1711.54	0.15446279
1713.77	0.145086227
1716	0.140330948
1718.23	0.131514343
1720.46	0.127976273
1722.6899	0.117118005
1724.92	0.10775246
1727.15	0.100901117
1729.38	0.097539056
1731.61	0.095187728
1733.83	0.091567565
1736.0601	0.086296472
1738.29	0.079790689
1740.51	0.07469644
1742.73	0.066585447
1744.96	0.063860833
1747.1801	0.066009375
1749.4	0.063255077
1751.63	0.062954796
1753.85	0.058205005
1756.0699	0.051882531
1758.29	0.054082458
1760.51	0.050871908
1762.73	0.049015426
1764.95	0.050336488
1767.16	0.047156935
1769.38	0.046080743
1771.6	0.045906643
1773.8101	0.037899943
1776.03	0.036825312
1778.24	0.034155875
1780.46	0.03483645
1782.67	0.035214219
1784.88	0.031742865
1787.09	0.03263566
1789.3101	0.035181748
1791.52	0.03119251
1793.73	0.0272112
1795.9399	0.01917588
1798.15	0.021241493
1800.35	0.027996731
1802.5601	0.026287943
1804.77	0.025563605
1806.98	0.021750865
1809.1801	0.016924851
1811.39	0.016023304
1813.59	0.016329801
1815.79	0.02099848
1818	0.021033863
1820.2	0.020283404
1822.4	0.01563002
1824.61	0.013609658
1826.8101	0.014786587
1829.01	0.013235512
1831.21	0.012948654
1833.41	0.016169772
1835.6	0.012359815
1837.8	0.01455652
1840	0.01297617
1842.2	0.011009483
1844.39	0.011784672
1846.59	0.010546973
1848.78	0.009558605
1850.98	0.01177136
1853.17	0.008998916
1855.36	0.009775402
1857.5601	0.009232707
1859.75	0.006820772
1861.9399	0.008105878
1864.13	0.009596923
1866.3199	0.011595706
1868.51	0.01478956
1870.7	0.010278695
1872.89	0.007787947
1875.0699	0.006803445
1877.26	0.007726815
1879.45	0.010666269
1881.63	0.0123303
1883.8199	0.009403655
1886	0.012222318
1888.1899	0.013222795
1890.37	0.014735393
1892.55	0.013796693
1894.73	0.012350691
1896.92	0.008932245
1899.1	0.013383803
1901.28	0.015162083
1903.46	0.016815889
1905.64	0.017950507
1907.8199	0.017958382
1909.99	0.016323573
1912.17	0.016595564
1914.35	0.011877369
1916.52	0.014345693
1918.7	0.015681373
1920.87	0.012310418
1923.05	0.012527141
1925.22	0.012415627
1927.39	0.012258561
1929.5699	0.013878184
1931.74	0.011887869
1933.91	0.013386912
1936.08	0.017835095
1938.25	0.015730914
1940.42	0.017063256
1942.59	0.014587556
1944.76	0.012697669
1946.9301	0.013151081
1949.09	0.014143272
1951.26	0.012266678
1953.4301	0.015282983
1955.59	0.013449734
1957.76	0.013351722
1959.92	0.009633903
1962.08	0.00906789
1964.25	0.009727839
1966.41	0.015399209
1968.5699	0.017592848
1970.73	0.019771749
1972.89	0.017424061
1975.05	0.013353047
1977.21	0.013283259
1979.37	0.014383236
1981.53	0.015702505
1983.6899	0.017072051
1985.84	0.017066837
1988	0.016471944
1990.15	0.020281453
1992.3101	0.015132139
1994.46	0.016434284
1996.62	0.01751485
1998.77	0.020106091
2000.92	0.018865819
2003.08	0.015702974
2005.23	0.012549637
2007.38	0.015953412
2009.53	0.019679397
2011.6801	0.023620017
2013.83	0.019893966
2015.98	0.01833819
2018.13	0.020160752
2020.27	0.02131871
2022.42	0.019904849
2024.5699	0.017479811
2026.71	0.01344669
2028.86	0.013498637
2031	0.015491523
2033.15	0.018061773
2035.29	0.01701127
2037.4301	0.016425471
2039.5699	0.015184482
2041.72	0.015654546
2043.86	0.01867698
2046	0.017409031
2048.1399	0.01561113
2050.28	0.013395399
2052.4199	0.013850357
2054.55	0.016025237
2056.6899	0.016842812
2058.8301	0.017723331
2060.96	0.019528771
2063.1001	0.021007346
2065.24	0.022950638
2067.3701	0.023504884
2069.5	0.026069212
2071.6399	0.033385567
2073.77	0.041066815
2075.8999	0.049115204
2078.03	0.051465697
2080.1699	0.052077724
2082.3	0.045930851
2084.4299	0.033781824
2086.5601	0.023230299
2088.6799	0.014518819
2090.8101	0.00995751
2092.9399	0.010512381
2095.0701	0.008871965
2097.1899	0.006399688
2099.3201	0.009167303
2101.4399	0.009170742
2103.5701	0.007393886
2105.6899	0.005328403
2107.8201	0.006335495
2109.9399	0.007252262
2112.0601	0.008742866
2114.1799	0.008204149
2116.3101	0.008411621
2118.4299	0.009145555
2120.55	0.013966231
2122.6699	0.010572062
2124.78	0.01372235
2126.8999	0.017962233
2129.02	0.020272025
2131.1399	0.01734557
2133.25	0.017473886
2135.3701	0.015650499
2137.49	0.019937458
2139.6001	0.022558957
2141.72	0.022773519
2143.8301	0.018135255
2145.9399	0.018409427
2148.0601	0.016258052
2150.1699	0.01575904
2152.28	0.015832812
2154.3899	0.015312349
2156.5	0.014010719
2158.6101	0.015008061
2160.72	0.014000106
2162.8301	0.015472991
2164.9399	0.016028931
2167.04	0.01777947
2169.1499	0.014969603
2171.26	0.014433853
2173.3601	0.015576285
2175.47	0.016304423
2177.5701	0.013780731
2179.6799	0.013817644
2181.78	0.012128014
2183.8799	0.010482106
2185.98	0.009740586
2188.0901	0.011692285
2190.1899	0.014830958
2192.29	0.016763733
2194.3899	0.013451979
2196.49	0.009942887
2198.5901	0.011093691
2200.6799	0.013451216
2202.78	0.013138798
2204.8799	0.011259282
2206.98	0.010227347
2209.0701	0.010713937
2211.1699	0.013622966
2213.26	0.015249007
2215.3601	0.014555932
2217.45	0.011247429
2219.54	0.008529111
2221.6399	0.008330198
2223.73	0.009657492
2225.8201	0.012432823
2227.9099	0.01086017
2230	0.010573054
2232.0901	0.0141273
2234.1799	0.01606195
2236.27	0.01338531
2238.3601	0.008620967
2240.4399	0.003689038
2242.53	0.005190711
2244.6201	0.007269197
2246.7	0.008579328
2248.79	0.009922991
2250.8701	0.010153203
2252.96	0.011760196
2255.04	0.011011849
2257.1201	0.011076765
2259.21	0.009179527
2261.29	0.011651887
2263.3701	0.011029542
2265.45	0.01133012
2267.53	0.008547486
2269.6101	0.008103115
2271.6899	0.007294613
2273.77	0.007762863
2275.8501	0.004510866
2277.9199	0.00409645
2280	0.005024973
2282.0801	0.005569966
2284.1499	0.006235374
2286.23	0.007906225
2288.3	0.007685006
2290.3799	0.006433405
2292.45	0.004538153
2294.52	0.000332136
2296.6001	0
2298.6699	0.001543743
2300.74	0.006070496
	
