400.323	0.320332563285714
402.14401	16.1088886268571
403.965	36.9873405597143
405.785	67.4322292857143
407.60501	109.529013428571
409.42499	148.041493942857
413.06201	127.781893542857
414.88	79.1825277142858
416.69699	39.0036557714286
418.51401	20.8016678
420.33099	17.4749968914286
422.147	11.3666236914286
423.96201	4.92332803428569
425.77701	24.2920780342856
427.59201	108.972031177143
429.40601	285.752971914286
431.22	544.125461714285
433.03299	829.293566285714
436.65799	1157.98204457143
438.46899	1092.841176
440.28101	898.701038285715
442.091	661.330581142857
443.90201	479.21773
445.711	404.463616857143
447.521	434.435888857143
449.32999	528.098698857143
451.138	648.451241714286
452.94601	765.027203428571
454.75299	862.743444
456.56	921.808760285714
460.172	905.436239142857
461.978	844.147953714286
463.78299	758.087616285714
465.58701	662.798897714286
467.392	565.581804285714
469.19501	474.115374571429
470.99799	387.874463714286
472.80099	308.432615714286
474.603	233.859074857143
476.405	167.055612742857
478.20599	108.006151114286
480.00699	60.6319074285715
483.60699	20.6750102857143
485.40601	26.780105
487.20499	39.4747851428571
489.00299	47.860769
490.80099	51.1125536285714
492.59799	52.3243955428571
494.39499	55.3404959714286
496.19199	56.3273928285714
497.98801	54.7598216285714
499.78299	55.3031989142857
501.578	61.2807096857143
505.16699	48.3773526
506.961	29.0630557142857
508.754	22.5535156285714
510.54599	35.2397168857143
512.33899	49.7241398857143
514.13	47.6983362
515.922	33.4885314
517.71301	34.0236176571428
519.50299	68.3188933428571
521.29303	134.1164026
523.08197	201.772889571429
524.87097	246.143911428571
528.44702	283.340252857143
530.23499	315.449146857143
532.02197	362.032147714286
533.80902	405.253501714286
535.59497	431.158189428571
537.38	440.595128285714
539.16498	443.117765714286
540.95001	447.880217428571
542.73401	449.957746857143
544.51801	432.514414857143
546.30103	385.083384857143
548.08398	327.151431142857
551.64899	258.400199714286
553.42999	241.002012285714
555.211	228.770757714286
556.99103	224.975809714286
558.771	227.772965714286
560.55103	216.027879714286
562.33002	180.395798285714
564.10901	136.353953942857
565.88702	108.4189956
567.66498	94.7244581428572
569.44202	80.6038687428572
571.21899	60.1988069142857
574.771	41.9159792857143
576.54602	53.2872377714286
578.32098	60.6574149142857
580.09601	49.2260466542857
581.87	24.3781929257143
583.64301	-0.0300389171428446
585.41602	-8.19292504571429
587.18903	0.976288482857134
588.961	16.8371345142857
590.73297	21.8245196457143
592.50403	11.6266930171429
596.04498	-22.4403476685714
597.815	-13.0067886685714
599.58398	18.8818812857143
601.35303	53.6636775714285
603.12097	75.0984661142857
604.88898	82.7434427142857
606.65698	85.5916515714286
608.42401	88.2275209142857
610.19098	83.5902626857143
611.95697	72.2201684285714
613.72198	56.803571
615.48798	48.9633709428571
619.01703	72.2745999714286
620.78003	85.6260702857143
622.54401	79.7923340857143
624.30701	61.3385064285714
626.06897	63.133479
627.83099	102.852169457143
629.59302	158.117162142857
631.354	189.241387142857
633.11401	193.518393714286
634.875	202.934238285714
636.63397	235.868949142857
638.39398	273.841959714286
641.91101	247.091115142857
643.66901	192.699862857143
645.42603	146.293599714286
647.18298	125.15393
648.94	126.900654857143
650.69598	138.798210571429
652.45099	143.312371142857
654.20599	135.957815428571
655.961	127.584668285714
657.71503	138.578016571429
659.46899	178.252744
661.22198	255.158414571428
664.72803	524.450073428571
666.47998	707.176423142857
668.23102	887.226512857143
669.98199	1020.43297714286
671.73297	1085.21414628571
673.48297	1084.640864
675.23297	1041.41851828571
676.98199	975.232907714286
678.73102	905.746366285714
680.479	853.362379142857
682.22699	850.679210857143
685.72101	1080.79999428571
687.46802	1293.53757714286
689.21399	1511.06002285714
690.96002	1683.12297142857
692.70502	1787.30783142857
694.44897	1835.8284
696.19397	1850.70473428571
697.93799	1830.41646857143
699.68103	1737.71470857143
701.42401	1541.08237657143
703.16602	1265.68448742857
704.90802	995.146018285714
708.39099	704.346066571429
710.13202	681.431378571428
711.87201	741.878824857143
713.612	912.869499714286
715.35101	1162.96843742857
717.09003	1365.98293714286
718.828	1382.11435742857
720.56598	1173.22221057143
722.30402	839.168734
724.04102	526.629299428572
725.77698	330.275768285714
727.51398	249.231473428572
730.98499	247.067470571429
732.71997	253.800655428571
734.45398	243.521457142857
736.18799	226.939076
737.92102	219.895116857143
739.65399	239.951804571429
741.38702	278.023683714286
743.11902	322.50888
744.85101	364.760562285714
746.58197	411.668594571429
748.31299	463.040146285714
750.04303	516.177662857143
753.50299	616.036758
755.23199	668.255810857143
756.96002	716.362111714286
758.68903	748.86058
760.41602	759.667572571429
762.14398	757.877010285714
763.87	757.26243
765.59698	759.927471142857
767.323	742.722411714286
769.04797	690.725079714286
770.77301	617.174792857143
774.22198	512.864325714286
775.94598	489.565052857143
777.66901	470.285438571429
779.39203	457.564234285714
781.11401	445.884846857143
782.836	412.921592
784.55798	354.812587142857
786.27899	298.58249
787.99902	282.860074
789.71997	311.444975714286
791.43903	361.078092571429
793.159	400.213206285714
796.59601	454.227366
798.31403	491.32946
800.03101	546.786693428571
801.74902	624.681582285714
803.46503	704.861878285714
805.18103	772.197686285714
806.89697	814.106856285714
808.61298	835.302087428571
810.32703	843.805666857143
812.04199	848.896753142857
813.75598	854.421718571428
815.46997	864.113140571429
818.89502	865.231669428571
820.60797	849.356804857143
822.32001	831.500538571428
824.03101	821.666320285714
825.742	825.345941714286
827.45203	840.885230571429
829.16302	869.143766
830.87201	906.085259714286
832.58099	943.153150571429
834.28998	966.26823
835.99902	972.330307428571
837.70599	961.816682857143
841.12097	896.347873142857
842.828	846.763908285714
844.534	800.600425428571
846.23901	761.619715428572
847.94501	710.283147142857
849.65002	639.194990857143
851.354	566.367112857143
853.05798	521.557954571429
854.76202	508.681623142857
856.46503	505.611730571428
858.16699	487.436615428571
861.57202	440.656648285714
863.27301	447.845243714286
864.974	470.188837714286
866.67401	489.13999
868.37402	501.352562857143
870.07397	524.948902285714
871.77301	574.056890857143
873.47198	647.749314571428
875.17102	737.581364571429
876.86798	827.252598571428
878.56598	889.845896
880.263	900.58176
883.65601	769.012767142857
885.35199	674.848638571429
887.047	574.628932285714
888.742	471.036438
890.43597	379.617081142857
892.13	311.719271142857
893.82397	267.374371428571
895.51703	233.812900857143
897.21002	199.613102571429
898.90198	170.165692285714
900.59399	153.981240285714
902.28601	155.634125142857
905.66699	173.514120571429
907.35797	154.989951657143
909.047	122.704708314286
910.737	96.7316016
912.42603	91.8991323142857
914.11401	98.9901086285714
915.802	102.169653342857
917.48999	92.1152068
919.177	79.0519524
920.86401	65.3419492
922.54999	53.6241844857143
924.23602	38.1431754857143
927.60602	16.5003714571429
929.29102	29.1043150857143
930.97498	45.4969848571429
932.659	51.0720933714286
934.34198	42.2111779428571
936.02502	39.2895504857143
937.70801	51.3617304857143
939.39001	69.3629520285714
941.07202	73.1235365142857
942.75299	68.3087400571429
944.43402	66.4146986
947.79401	73.0863415428571
949.474	79.6499911714286
951.15302	96.3033174857143
952.83099	116.593079285714
954.51001	124.4295962
956.18701	120.76744
957.86499	115.080673885714
959.54199	108.416476571429
961.21802	91.1971330857143
962.89502	68.3350875714286
964.57001	57.0642463142857
966.24597	63.0921349714286
969.59497	79.3016383428571
971.26898	78.0189902285714
972.94299	69.9695351142857
974.61603	53.9193836
976.28802	39.6663290857143
977.961	43.7272611142857
979.633	70.3796756
981.30402	107.704896828571
982.97498	148.357920228571
984.646	199.318206571429
986.31598	262.441706
987.98602	336.141307142857
991.32397	548.045890857143
992.99298	750.178471714286
994.66101	1042.38915371429
996.32898	1416.901274
997.99597	1911.98002857143
999.66302	2593.19611142857
1001.33	3456.55142857143
1003	4333.94648571429
1004.66	4976.86690857143
1006.33	5255.80646571429
1007.99	5257.71639428571
1009.66	5131.21422
1012.98	4456.90604
1014.65	3755.01604285714
1016.31	2902.92953142857
1017.97	2109.15366571429
1019.63	1528.04667714286
1021.29	1182.97251228571
1022.96	1011.00119914286
1024.62	932.877899142857
1026.28	899.314352
1027.9399	898.957074571429
1029.6	927.202009142857
1032.91	985.217825428571
1034.5699	973.00116
1036.23	927.623441428571
1037.89	861.562150857143
1039.54	788.579748857143
1041.2	730.207740857143
1042.86	707.636004285714
1044.51	721.37029
1046.17	745.210376571429
1047.8199	767.102407142857
1049.48	789.691329428571
1051.13	814.866097142857
1054.4399	802.728201714286
1056.09	758.057264
1057.74	720.758573428571
1059.39	686.905033428571
1061.04	632.954155714286
1062.7	547.341425142857
1064.35	455.576490857143
1066	379.065502
1067.65	323.206932857143
1069.3	268.958767714286
1070.95	220.681738571429
1072.59	191.127658857143
1075.89	175.368346285714
1077.54	160.485136857143
1079.1801	150.051972285714
1080.83	161.468726285714
1082.48	188.186908571429
1084.12	218.956952571429
1085.77	258.212459142857
1087.41	322.710098285714
1089.0601	402.266260285714
1090.7	467.335766285714
1092.35	509.712423142857
1093.99	555.738632285714
1097.27	728.684811714286
1098.92	810.862134
1100.5601	862.971729142857
1102.2	903.284915142857
1103.84	956.228404857143
1105.48	1027.30175542857
1107.12	1095.19550714286
1108.76	1142.09807714286
1110.4	1168.06954857143
1112.04	1197.03754
1113.6801	1248.52087714286
1116.95	1398.12375142857
1118.59	1463.61711714286
1120.23	1509.60550285714
1121.86	1532.82519428571
1123.5	1527.48676285714
1125.13	1498.29246857143
1126.77	1457.32313714286
1128.4	1413.04008571429
1130.04	1357.82904285714
1131.67	1281.25919142857
1133.3	1186.7784
1134.9399	1092.669856
1138.2	956.812596285714
1139.83	892.639873714286
1141.47	821.315738571429
1143.1	758.394613142857
1144.73	715.411971428572
1146.36	690.047588571429
1147.99	662.555657142857
1149.62	633.514356285714
1151.25	613.781086571428
1152.88	618.253588857143
1154.5	641.504654285714
1156.13	673.504220857143
1159.39	776.889289428571
1161.01	875.725184
1162.64	997.829371714285
1164.26	1128.09533485714
1165.89	1268.21424657143
1167.52	1410.9652
1169.14	1516.48138285714
1170.76	1511.27875142857
1172.39	1359.12486457143
1174.01	1100.68939714286
1175.63	832.726054857143
1178.88	580.960208857143
1180.5	622.788898571428
1182.12	713.603642285714
1183.74	787.823831428571
1185.36	821.185475428571
1186.98	817.789915142857
1188.6	792.036617142857
1190.22	734.727727714286
1191.84	639.332951428572
1193.46	517.520124285714
1195.08	409.965623714286
1196.7	334.326612571429
1199.9301	257.193808857143
1201.55	247.848196857143
1203.16	264.290788285714
1204.78	303.511064857143
1206.4	335.00783
1208.01	342.056154
1209.63	326.327696
1211.24	313.788071142857
1212.85	311.356985142857
1214.47	325.003495714286
1216.08	342.690873428571
1217.6899	360.077045714286
1220.92	378.386668571429
1222.53	382.264398857143
1224.14	380.725236285714
1225.75	362.647096285714
1227.36	339.559184
1228.97	329.615938571429
1230.58	358.870463428571
1232.1899	417.201806857143
1233.8	493.735475428571
1235.41	566.590969142857
1237.01	636.430856
1238.62	709.848032857143
1241.84	946.350975428571
1243.4399	1106.65660257143
1245.05	1247.36614542857
1246.65	1335.82137142857
1248.26	1360.33202571429
1249.86	1346.50567714286
1251.47	1315.40496571429
1253.0699	1284.89264285714
1254.67	1258.05066
1256.28	1248.53445714286
1257.88	1276.29242
1261.09	1448.33620285714
1262.6899	1542.19094571429
1264.29	1616.1175
1265.89	1677.8546
1267.49	1738.25256285714
1269.09	1779.63403714286
1270.6899	1773.91943714286
1272.29	1709.40491142857
1273.89	1607.80957428571
1275.49	1497.80722571429
1277.08	1395.66376857143
1278.6801	1298.41701142857
1281.88	1170.74728857143
1283.47	1185.88246285714
1285.0699	1262.00982
1286.66	1397.42253714286
1288.26	1584.84273142857
1289.85	1817.2156
1291.45	2065.64722285714
1293.04	2292.67326571429
1294.64	2463.85052857143
1296.23	2554.02258857143
1297.8199	2534.57351142857
1299.42	2392.41671428571
1302.6	1874.74004571429
1304.1899	1629.20135428571
1305.78	1443.59772857143
1307.37	1305.76440571429
1308.96	1183.114266
1310.55	1065.52231285714
1312.14	957.680355428571
1313.73	884.257426571429
1315.3199	844.598848857143
1316.91	826.142458857143
1318.5	804.525959714286
1320.09	789.000880571429
1323.26	829.423088
1324.85	881.638024
1326.4301	930.088456285714
1328.02	967.527678571429
1329.6	1024.47228685714
1331.1899	1141.07974342857
1332.77	1357.87537142857
1334.36	1688.51541714286
1335.9399	2121.27283714286
1337.52	2604.59878
1339.11	3062.17965428571
1342.27	3595.60331428571
1343.85	3564.8619
1345.4301	3323.4901
1347.02	2940.31513428571
1348.6	2521.56128571429
1350.1801	2168.00944857143
1351.76	1906.40370857143
1353.34	1718.47927428571
1354.91	1578.552
1356.49	1486.58370857143
1358.0699	1440.36050285714
1359.65	1426.83526857143
1362.8	1416.74095142857
1364.38	1416.56002857143
1365.96	1439.05762857143
1367.53	1498.91130857143
1369.11	1577.68702
1370.6899	1640.21739142857
1372.26	1667.42298
1373.83	1682.04183142857
1375.41	1715.61729142857
1376.98	1775.24272
1378.5601	1849.4844
1380.13	1950.78227714286
1383.27	2337.77526285714
1384.85	2595.29637142857
1386.42	2830.74671714286
1387.99	3011.88223428571
1389.5601	3128.85310857143
1391.13	3179.23550571429
1392.7	3155.44572857143
1394.27	3060.98387142857
1395.84	2936.39730571429
1397.41	2833.08709714286
1398.98	2768.96424
1400.54	2718.56325428571
1403.6801	2584.06368857143
1405.25	2530.81206
1406.8101	2501.83031714286
1408.38	2490.55481714286
1409.9399	2486.70124571429
1411.51	2500.46538571429
1413.08	2524.81374
1414.64	2562.19492
1416.2	2614.03349714286
1417.77	2710.69164571429
1419.33	2875.36366857143
1422.46	3488.57150285714
1424.02	3882.03816857143
1425.58	4236.32358
1427.14	4506.40474
1428.71	4695.8237
1430.27	4872.99452571429
1431.83	5078.54222857143
1433.39	5293.45498857143
1434.95	5413.18742857143
1436.51	5323.49101428572
1438.0601	4948.95135428571
1439.62	4337.61706
1442.74	2960.37736285714
1444.3	2454.32612857143
1445.85	2138.71119142857
1447.41	1998.24460285714
1448.97	2021.97045428571
1450.52	2205.89883142857
1452.08	2557.55290857143
1453.63	3071.55750285714
1455.1899	3721.62118
1456.74	4441.67284
1458.3	5113.44018
1459.85	5590.84525714286
1462.96	5696.11082857143
1464.51	5438.77153142857
1466.0601	5140.30136285714
1467.62	4880.53628
1469.17	4655.04549428571
1470.72	4376.69907142857
1472.27	3940.93035428571
1473.8199	3320.47271714286
1475.37	2630.75180857143
1476.92	2022.43270857143
1478.47	1574.60944285714
1480.02	1261.63271057143
1483.11	860.747909714286
1484.66	742.309449142857
1486.21	668.913032
1487.76	649.465355142857
1489.3	689.775272571429
1490.85	779.947500571429
1492.4	888.049988285714
1493.9399	1014.27849685714
1495.49	1200.212526
1497.03	1490.36280571429
1498.58	1871.80873714286
1501.67	2664.07563714286
1503.21	2956.70400857143
1504.75	3134.18188
1506.29	3188.80525714286
1507.84	3139.06742
1509.38	3032.52659142857
1510.92	2943.79280571429
1512.46	2947.04122
1514	3094.53833428571
1515.54	3374.85693428571
1517.08	3716.99862
1518.62	4029.77400285714
1521.7	4372.58658857143
1523.24	4400.62832285714
1524.78	4341.22226857143
1526.3199	4179.09775714286
1527.85	3901.29252
1529.39	3534.75700857143
1530.9301	3141.09426285714
1532.46	2765.28611142857
1534	2415.12413142857
1535.54	2079.64949428571
1537.0699	1767.09884
1538.61	1490.74962571429
1541.67	1051.04268514286
1543.21	883.438930285714
1544.74	762.280749428572
1546.28	690.234908857143
1547.8101	657.198108857143
1549.34	664.20199
1550.87	709.316348571429
1552.4	778.241467142857
1553.9399	854.303562
1555.47	938.099308
1557	1054.12834428571
1558.53	1217.06234342857
1561.59	1613.20518857143
1563.12	1762.63684285714
1564.65	1831.05840857143
1566.17	1823.50705714286
1567.7	1776.02720857143
1569.23	1746.82377142857
1570.76	1774.73479428571
1572.28	1884.04145714286
1573.8101	2071.16947142857
1575.34	2298.48490857143
1576.86	2473.07747142857
1579.91	2396.88444857143
1581.4399	2210.20524571429
1582.96	2059.99410285714
1584.49	2008.51702
1586.01	2053.43128285714
1587.53	2169.95141428571
1589.0601	2346.9538
1590.58	2609.26509428571
1592.1	3032.38499428571
1593.62	3715.1863
1595.15	4710.30290857143
1596.67	5911.09118
1599.71	7640.15675428571
1601.23	7559.49693428572
1602.75	6832.79248857143
1604.27	5762.01708857143
1605.79	4716.36318285714
1607.3101	3966.17238
1608.8199	3628.77147142857
1610.34	3658.37618857143
1611.86	3891.77412
1613.38	4142.92420857143
1614.89	4299.90448571429
1616.41	4336.51905428571
1619.4399	4064.44345714286
1620.96	3728.53179428572
1622.47	3288.74399714286
1623.99	2818.48083714286
1625.5	2387.41329714286
1627.02	2021.87532
1628.53	1712.549
1630.04	1436.94196028571
1631.5601	1192.41276285714
1633.0699	990.708787428572
1634.58	854.192776571429
1636.09	785.952035428571
1639.12	720.045374
1640.63	652.274179142857
1642.14	569.025572
1643.65	502.692628571429
1645.16	459.074482285714
1646.67	421.617525428571
1648.1801	381.653287142857
1649.6801	340.131366
1651.1899	295.308942
1652.7	240.979096571429
1654.21	184.271716857143
1657.22	133.960258657143
1658.73	122.936249942857
1660.24	95.4741615142857
1661.74	66.8238598
1663.25	61.4500590857143
1664.75	75.5629032857143
1666.26	82.7929210571429
1667.76	65.1324340857143
1669.27	35.8626511428572
1670.77	16.8795149428571
1672.27	16.6489579142857
1673.78	33.5862280857143
1676.78	58.0844308571429
1678.28	38.3613377514286
1679.78	11.93352628
1681.29	7.71787755142856
1682.79	31.4428737942857
1684.29	51.1697303774286
1685.79	37.5476709245714
1687.29	-0.125570556857123
1688.79	-27.1392777325714
1690.29	-20.0268182025714
1691.78	12.7888676285714
1693.28	44.0188032857143
1696.28	65.1178587428571
1697.78	73.8779529142857
1699.27	89.8977796
1700.77	109.072934714286
1702.27	127.344398085714
1703.76	147.482844
1705.26	174.903745428571
1706.75	211.274713714286
1708.25	251.620612857143
1709.74	285.639148285714
1711.24	303.902056
1712.73	306.491584857143
1715.72	311.196415142857
1717.21	331.714987428571
1718.7	357.555276571429
1720.2	377.515565714286
1721.6899	385.249436857143
1723.1801	382.313396
1724.67	382.657088
1726.16	401.536518571429
1727.65	432.330472857143
1729.14	452.577776571429
1730.63	437.692724571429
1733.61	320.38005
1735.1	269.813978571429
1736.59	242.732494
1738.08	229.09858
1739.5601	206.526247914286
1741.05	160.272668742857
1742.54	96.6754520571429
1744.02	45.1600496285715
1745.51	22.5527821142857
1747	24.6785660571429
1748.48	34.0960111142857
1749.97	38.1164315714286
1752.9399	36.3850066
1754.42	37.3607848571429
1755.91	40.9758695714286
1757.39	46.0254412
1758.87	46.9914889142857
1760.36	39.2997161428572
1761.84	30.1118354571429
1763.3199	28.1058787428571
1764.8	35.1056819714286
1766.28	43.8119578571429
1767.76	47.0086916857143
1769.25	48.5545129428571
1772.21	79.6394888571429
1773.6899	101.201259142857
1775.16	114.052054828571
1776.64	115.253806
1778.12	109.283662
1779.6	104.210214285714
1781.08	106.280499714286
1782.5601	122.997969428571
1784.03	150.324448
1785.51	172.529236
1786.99	175.164268285714
1788.46	163.616312857143
1791.42	165.194942571429
1792.89	183.661621714286
1794.37	198.549809142857
1795.84	206.466122
1797.3199	211.826552
1798.79	216.085712
