399.20999	244.36142
401.03101	211.67502
402.85001	201.98827
404.67001	204.30168
406.48901	219.61493
408.30701	210.92801
410.125	183.24107
411.94199	172.55397
413.759	116.86688
415.57599	167.17978
417.392	69.492508
419.207	135.80507
421.022	154.11763
422.83701	87.430183
424.651	80.742569
426.46399	105.05478
428.27701	116.367
430.09	85.679207
431.90201	91.991249
433.71399	130.30328
435.52499	81.615158
437.336	120.92702
439.146	154.23872
440.95599	131.55042
442.76501	99.861946
444.57401	135.17346
446.38199	145.48482
448.19	172.79617
449.99701	153.10735
451.80399	158.41852
453.60999	115.72953
455.41599	109.04054
457.22198	146.35155
459.02701	128.66238
460.83099	162.97305
462.63501	181.28371
464.43799	168.59419
466.242	117.90486
468.04401	115.21519
469.84601	119.52551
471.64801	119.83582
473.44901	124.14597
475.25	151.45612
477.04999	124.76608
478.849	133.07588
480.64899	118.38586
482.44699	167.6955
484.246	162.00529
486.04401	94.314926
487.841	206.62437
489.638	172.93384
491.43399	197.24312
493.23001	200.55241
495.026	187.86169
496.82001	249.17064
498.61499	275.47974
500.409	216.78868
502.203	240.09763
503.996	240.4064
505.78799	211.715
507.57999	206.02359
509.37201	154.33218
511.16299	134.64061
512.95398	97.949036
514.74402	130.25729
516.534	113.56554
518.323	85.873619
520.112	77.181702
521.90002	61.489613
523.68799	113.79752
525.47601	115.10542
527.263	100.41316
529.04901	93.720726
530.83502	81.02829
532.62097	89.335846
534.40601	67.643242
536.19	110.95046
537.97498	159.25784
539.758	146.5649
541.54102	141.87195
543.32397	129.17899
545.10602	162.48587
546.888	197.79274
548.66998	170.09961
550.45001	178.40614
552.23102	189.71284
554.01099	187.01938
555.78998	204.32573
557.56897	147.63208
559.34802	183.93845
561.12598	127.24463
562.90302	143.55064
564.68103	101.85683
566.45697	96.162666
568.23297	109.46851
570.00897	70.774353
571.784	113.08002
573.55902	40.385696
575.33398	66.69136
577.10699	88.996689
578.88098	42.302181
580.65399	69.607506
582.42603	2.9126644
584.198	50.217812
585.96997	54.522961
587.74103	14.82795
589.51202	51.132931
591.28198	59.437729
593.052	37.742542
594.82098	48.047173
596.59003	63.351818
598.35797	50.656269
600.12598	34.960735
601.89301	65.26503
603.65997	27.569317
605.427	66.873611
607.19299	55.177731
608.95801	65.481682
610.72302	59.785629
612.48798	54.089569
614.25201	39.393349
616.01599	16.697121
617.77899	0.00072256482
619.54199	28.304325
621.30402	23.607759
623.06598	43.911182
624.82703	96.214447
626.58801	44.517704
628.349	28.820961
630.10901	37.12405
631.86798	58.426956
633.62701	65.729874
635.38599	91.032784
637.14398	113.33553
638.90198	116.63827
640.659	122.94084
642.41602	111.24341
644.17297	97.545975
645.92798	124.8482
647.68402	140.1506
649.43903	164.45284
651.19299	155.75488
652.948	155.0571
654.70099	154.35898
656.45398	120.66086
658.20697	70.962738
659.95898	121.26445
661.711	96.566162
663.46198	75.867691
665.21301	98.169235
666.96399	88.470764
668.71399	71.772125
670.46301	73.073326
672.21198	55.374508
673.961	118.6757
675.70898	111.97672
677.45697	149.27774
679.20398	151.57858
680.95099	162.87944
682.69702	200.18011
684.44299	284.48077
686.18903	297.78146
687.93402	337.08197
689.67798	263.38229
691.422	263.68262
693.16602	159.98296
694.909	195.28311
696.65198	172.58327
698.39398	153.88326
700.13599	85.183243
701.87701	134.48306
703.61798	137.78287
705.35901	117.08269
707.099	141.38232
708.83801	130.68179
710.578	107.98144
712.31598	160.28073
714.05499	169.5802
715.79199	191.87933
717.53003	205.17863
719.26703	194.47775
721.00299	201.7767
722.73901	287.07565
724.474	320.37445
726.21002	404.6734
727.94397	419.97198
729.67798	535.27063
731.41199	597.56921
733.14502	656.86768
734.87799	793.16608
736.61102	842.46454
738.34302	908.76282
740.07397	1026.0609
741.80499	1024.359
743.53601	1137.6571
745.26599	1089.955
746.99597	1119.2529
748.72498	1057.5507
750.45398	958.84839
752.18201	808.146
753.90997	717.44354
755.638	642.74115
757.36499	592.03851
759.091	555.33575
760.81799	546.63318
762.54303	609.93024
764.26898	542.22748
765.99298	605.52435
767.71802	612.82141
769.44202	635.11829
771.16498	643.41498
772.888	670.71173
774.61102	769.00842
776.33301	793.30499
778.05499	982.6015
779.776	1089.8978
781.49701	1201.1942
783.21698	1207.4905
784.93701	1318.7866
786.65698	1229.0829
788.37598	1151.3789
790.09497	962.67487
791.81299	902.97076
793.53101	599.2666
795.24799	525.56226
796.96503	363.85797
798.68103	371.15347
800.39697	243.44897
802.11298	270.74448
803.828	261.03983
805.54303	264.33517
807.25702	247.63033
808.97101	323.92548
810.68402	343.22049
812.39697	294.51547
814.10901	270.8103
815.82098	238.1051
817.53302	179.39993
819.24402	188.69458
820.95502	132.98923
822.66498	115.2837
824.375	63.578175
826.08398	79.872475
827.79303	67.166786
829.50201	43.461086
831.21002	83.755219
832.91803	42.049355
834.625	47.343307
836.33197	55.63726
838.03802	76.931053
839.74402	65.224838
841.45001	64.518623
843.15503	79.812241
844.85901	72.105682
846.56299	62.39912
848.26703	64.692574
849.96997	97.985832
851.67297	95.279099
853.37598	150.57237
855.078	118.86547
856.77899	82.158394
858.48102	91.4515
860.18103	74.744255
861.88202	86.037178
863.58099	115.32976
865.28101	100.62251
866.97998	79.915085
868.67798	115.2075
870.37598	116.49991
872.07397	100.79231
873.771	131.08455
875.46802	138.3768
877.164	104.66885
878.85999	110.96091
880.55603	117.25299
882.25098	98.544876
883.94598	109.83677
885.64001	126.12849
887.33398	151.42021
889.02698	130.71175
890.71997	129.0033
892.41302	118.29486
894.10498	116.58623
895.79602	101.87743
897.487	99.168633
899.17798	100.45984
900.86902	55.751045
902.55902	96.042076
904.24799	63.332932
905.93701	90.623795
907.62598	74.91465
909.31403	79.205345
911.00201	78.496025
912.68903	69.786545
914.37598	71.077049
916.06201	80.367401
917.74902	62.657917
919.43402	66.948082
921.11902	74.238258
922.80402	45.528423
924.48901	40.818596
926.17297	58.108585
927.85602	39.398418
929.539	31.688242
931.22198	41.978065
932.90399	19.267719
934.586	59.557373
936.26703	60.846863
937.948	57.136337
939.62903	72.425827
941.30902	59.71513
942.98798	64.004257
944.66803	61.293579
946.34698	83.58271
948.02502	84.871681
949.703	94.160645
951.38098	40.449604
953.05798	127.7384
954.73401	99.027023
956.41101	102.31581
958.08698	119.60442
959.76202	200.89288
961.43701	130.18134
963.112	184.46977
964.78601	165.75806
966.46002	171.04633
968.133	156.33443
969.80603	146.62254
971.47803	147.91048
973.15002	132.19839
974.82202	121.48634
976.49298	141.77408
978.164	129.06184
979.83398	175.34943
981.50403	161.63702
983.17401	141.92461
984.84302	150.21202
986.51202	170.49945
988.17999	139.78668
989.84802	114.07393
991.51501	111.361
993.18201	163.64807
994.849	169.93513
996.51501	142.22203
998.18103	153.50894
999.84601	119.79566
1001.51	170.08221
1003.18	93.369797
1004.84	94.65567
1006.5	54.941528
1008.17	84.229111
1009.83	99.514984
1011.49	98.800842
1013.15	152.08672
1014.82	78.374298
1016.48	88.660164
1018.14	98.94603
1019.8	120.2319
1021.46	133.51776
1023.12	197.80362
1024.78	143.08949
1026.4399	132.37535
1028.09	191.65948
1029.75	158.94536
1031.41	131.23123
1033.0699	150.51709
1034.72	143.80122
1036.38	161.0871
1038.03	115.37125
1039.6899	94.657097
1041.34	114.94125
1043	145.22711
1044.65	129.51126
1046.3101	162.79713
1047.96	193.08125
1049.61	164.3654
1051.27	183.65128
1052.92	188.93542
1054.5699	203.21956
1056.22	209.50369
1057.87	216.78784
1059.52	140.07199
1061.17	140.35614
1062.8199	101.64027
1064.47	113.92442
1066.12	113.20856
1067.77	126.49271
1069.42	94.776855
1071.0601	128.05928
1072.71	83.343407
1074.36	123.62755
1076	105.90997
1077.65	150.19412
1079.29	98.476547
1080.9399	136.76067
1082.58	136.04309
1084.23	174.32724
1085.87	201.60966
1087.52	240.89381
1089.16	225.17624
1090.8	293.45865
1092.4399	279.74106
1094.09	252.02521
1095.73	247.30763
1097.37	229.59006
1099.01	196.87248
1100.65	192.15491
1102.29	167.43733
1103.9301	185.71974
1105.5699	179.00215
1107.2	161.28285
1108.84	151.56528
1110.48	168.8477
1112.12	161.13013
1113.75	151.41083
1115.39	205.69324
1117.03	208.97566
1118.66	188.25636
1120.3	202.53879
1121.9301	256.81949
1123.5699	287.1019
1125.2	238.3826
1126.84	319.66501
1128.47	314.94571
1130.1	370.22641
1131.73	364.50711
1133.37	329.78955
1135	302.07025
1136.63	276.35095
1138.26	285.63162
1139.89	218.91234
1141.52	215.19304
1143.15	163.47374
1144.78	163.75444
1146.41	155.03514
1148.04	113.31583
1149.66	134.59482
1151.29	137.8755
1152.92	95.156212
1154.55	106.43691
1156.17	135.71588
1157.8	117.99658
1159.42	123.27556
1161.05	107.55626
1162.67	93.835236
1164.3	114.11594
1165.92	124.39491
1167.55	107.67561
1169.17	160.95459
1170.79	132.23357
1172.41	109.51254
1174.04	151.79324
1175.66	147.07222
1177.28	169.3512
1178.9	147.63017
1180.52	152.90915
1182.14	145.18813
1183.76	228.46709
1185.38	230.74606
1187	246.02504
1188.62	229.30402
1190.23	219.58127
1191.85	256.86026
1193.47	280.13922
1195.08	255.41647
1196.7	259.69547
1198.3199	248.97443
1199.9301	267.25171
1201.55	233.53069
1203.16	271.80792
1204.78	283.08691
1206.39	184.36415
1208	227.6414
1209.62	250.92038
1211.23	247.19763
1212.84	289.47488
1214.46	306.75388
1216.0699	284.03113
1217.6801	339.30838
1219.29	353.58563
1220.9	375.86288
1222.51	406.14014
1224.12	447.41739
1225.73	407.69464
1227.34	492.97189
1228.95	501.24915
1230.55	551.52472
1232.16	618.80194
1233.77	518.07922
1235.38	561.35645
1236.98	565.63202
1238.59	618.90924
1240.1899	608.18475
1241.8	577.46204
1243.4	526.73755
1245.01	567.01483
1246.61	556.29034
1248.22	568.56763
1249.8199	511.84314
1251.42	489.11868
1253.03	535.39594
1254.63	536.67145
1256.23	501.94699
1257.83	468.22253
1259.4301	442.49808
1261.03	525.77362
1262.63	453.04913
1264.23	503.32465
1265.83	487.60019
1267.4301	480.87573
1269.03	495.15125
1270.63	434.42679
1272.23	438.70233
1273.8199	471.97614
1275.42	501.25168
1277.02	447.52719
1278.61	511.80099
1280.21	507.07654
1281.8101	495.35208
1283.4	515.62592
1285	521.90143
1286.59	581.17523
1288.1801	560.44904
1289.78	554.72455
1291.37	598.99835
1292.96	632.27216
1294.5601	619.54773
1296.15	609.82153
1297.74	617.09534
1299.33	699.36914
1300.92	726.64294
1302.51	792.91675
1304.1	869.19055
1305.6899	901.46436
1307.28	982.73822
1308.87	1066.012
1310.46	1106.2858
1312.05	1223.5597
1313.63	1268.8317
1315.22	1312.1056
1316.8101	1370.3794
1318.4	1548.6532
1319.98	1483.9253
1321.5699	1551.1991
1323.15	1600.4712
1324.74	1640.745
1326.3199	1578.0171
1327.91	1601.2909
1329.49	1468.563
1331.08	1546.8368
1332.66	1530.1089
1334.24	1485.381
1335.8199	1461.653
1337.41	1426.9269
1338.99	1434.199
1340.5699	1422.4709
1342.15	1528.743
1343.73	1510.0151
1345.3101	1574.2872
1346.89	1495.5593
1348.47	1484.8314
1350.05	1464.1035
1351.63	1552.3756
1353.21	1565.6477
1354.78	1608.9181
1356.36	1542.1902
1357.9399	1525.4623
1359.51	1549.7327
1361.09	1560.0048
1362.67	1604.2769
1364.24	1578.5471
1365.8199	1587.8192
1367.39	1654.0896
1368.97	1713.3617
1370.54	1752.6321
1372.11	1766.9025
1373.6899	1815.1746
1375.26	1979.4449
1376.83	2029.7152
1378.4	2043.9856
1379.98	2289.2578
1381.55	2338.5281
1383.12	2358.7983
1384.6899	2522.0688
1386.26	2549.3391
1387.83	2726.6096
1389.4	2615.8799
1390.97	2782.1504
1392.54	2896.4207
1394.11	2782.6909
1395.67	2762.9597
1397.24	2908.23
1398.8101	2709.5005
1400.37	2633.769
1401.9399	2551.0393
1403.51	2388.3098
1405.0699	2253.5784
1406.64	2103.8489
1408.2	1933.1174
1409.77	1777.3878
1411.33	1573.6564
1412.9	1510.9268
1414.46	1350.1954
1416.02	1243.4641
1417.58	1188.7327
1419.15	1081.0031
1420.71	989.27173
1422.27	923.54041
1423.83	895.80902
1425.39	840.0777
1426.95	820.34631
1428.51	828.61499
1430.0699	765.88361
1431.63	755.15222
1433.1899	776.4209
1434.75	780.68951
1436.3101	800.95819
1437.87	821.22681
1439.42	862.49377
1440.98	884.76239
1442.54	905.03107
1444.09	932.29797
1445.65	964.56659
1447.21	985.83527
1448.76	1037.1022
1450.3199	972.37079
1451.87	953.63776
1453.42	1017.9047
1454.98	949.17328
1456.53	972.44025
1458.08	953.70715
1459.64	989.97577
1461.1899	934.24268
1462.74	901.50964
1464.29	917.77655
1465.84	894.04346
1467.39	864.31042
1468.9399	829.57733
1470.49	857.84424
1472.04	818.11121
1473.59	825.37811
1475.14	852.64502
1476.6899	757.91193
1478.24	797.17883
1479.79	773.4458
1481.33	760.711
1482.88	772.97791
1484.4301	747.24481
1485.97	737.51001
1487.52	700.77698
1489.0699	690.04388
1490.61	735.30908
1492.16	677.57599
1493.7	649.84119
1495.24	695.10638
1496.79	649.37329
1498.33	662.63849
1499.87	691.90369
1501.42	719.17065
1502.96	664.43585
1504.5	727.70105
1506.04	689.96625
1507.58	726.23145
1509.13	716.49835
1510.67	723.76355
1512.21	738.02875
1513.75	717.29395
1515.28	734.55743
1516.8199	751.82263
1518.36	736.08783
1519.9	784.35303
1521.4399	710.61823
1522.98	767.88342
1524.51	769.14691
1526.05	801.41211
1527.59	867.67731
1529.12	892.9408
1530.66	960.20599
1532.1899	951.46948
1533.73	1012.7347
1535.26	985.99817
1536.8	1056.2633
1538.33	1079.5269
1539.86	1173.7903
1541.4	1201.0555
1542.9301	1151.319
1544.46	1181.5824
1546	1220.8477
1547.53	1226.1112
1549.0601	1283.3746
1550.59	1265.6381
1552.12	1280.9016
1553.65	1234.165
1555.1801	1173.4286
1556.71	1131.692
1558.24	1166.9554
1559.77	1087.219
1561.3	1043.4824
1562.8199	1073.7441
1564.35	984.00769
1565.88	934.27118
1567.41	867.53467
1568.9301	850.79639
1570.46	823.05988
1571.98	776.32159
1573.51	741.58508
1575.04	682.84857
1576.5601	703.11035
1578.08	774.37207
1579.61	641.63556
1581.13	673.89734
1582.66	653.16083
1584.1801	633.42255
1585.7	669.68433
1587.22	686.94604
1588.75	718.20953
1590.27	704.47131
1591.79	779.73309
1593.3101	863.99481
1594.83	963.25659
1596.35	1052.5183
1597.87	1187.78
1599.39	1301.0419
1600.91	1390.3036
1602.4301	1476.5653
1603.95	1565.8271
1605.46	1623.0872
1606.98	1713.3489
1608.5	1694.6106
1610.02	1734.8724
1611.53	1818.1324
1613.05	1861.3942
1614.5601	1926.6543
1616.08	1935.916
1617.6	1950.1777
1619.11	1925.4377
1620.62	1783.6978
1622.14	1771.9596
1623.65	1646.2196
1625.17	1429.4813
1626.6801	1330.7415
1628.1899	1135.0015
1629.7	1113.2615
1631.22	970.52319
1632.73	909.78326
1634.24	789.04327
1635.75	693.30334
1637.26	690.56335
1638.77	597.82336
1640.28	511.08344
1641.79	498.34344
1643.3	430.60349
1644.8101	431.86353
1646.3199	361.12354
1647.8199	335.38187
1649.33	341.64188
1650.84	331.90192
1652.35	287.16196
1653.85	282.42029
1655.36	265.6803
1656.87	257.94034
1658.37	206.19865
1659.88	239.45869
1661.38	190.71701
1662.89	187.97704
1664.39	168.23535
1665.89	163.49367
1667.4	155.75369
1668.9	214.01201
1670.4	186.27032
1671.91	163.53036
1673.41	129.78867
1674.91	153.04698
1676.41	157.3053
1677.91	169.5636
1679.41	132.82191
1680.91	134.08023
1682.41	109.33854
1683.91	118.59686
1685.41	109.85516
1686.91	132.11348
1688.41	122.37179
1689.91	67.630096
1691.41	72.888412
1692.9	77.144997
1694.4	88.403313
1695.9	97.661621
1697.39	96.918213
1698.89	96.176521
1700.39	94.434837
1701.88	65.691422
1703.38	59.949734
1704.87	89.206322
1706.37	63.464634
1707.86	30.721222
1709.35	41.97781
1710.85	55.236122
1712.34	77.492706
1713.83	42.749298
1715.3199	55.005886
1716.8199	94.264198
1718.3101	40.520805
1719.8	57.777393
1721.29	47.033981
1722.78	54.290569
1724.27	50.547157
1725.76	29.803745
1727.25	51.060333
1728.74	39.316921
1730.23	35.573509
1731.72	41.830097
1733.21	25.086685
1734.6899	9.3415508
1736.1801	48.59816
1737.67	60.854748
1739.15	51.109612
1740.64	10.366199
1742.13	62.622787
1743.61	57.877651
1745.1	80.134239
1746.58	46.389103
1748.0699	31.645693
1749.55	52.900578
1751.04	62.157166
1752.52	30.412029
1754	48.666893
1755.49	26.923483
1756.97	38.178345
1758.45	39.433212
1759.9301	30.688095
1761.41	24.942961
1762.9	45.199547
1764.38	37.454411
1765.86	2.7092764
1767.34	-0.035859272
1768.8199	15.219005
1770.3	30.47389
1771.78	18.728754
1773.26	18.98362
1774.73	26.236759
1776.21	29.491623
1777.6899	57.746487
1779.17	27.001373
1780.64	26.254513
1782.12	43.509377
1783.6	9.7642422
1785.0699	18.017382
1786.55	20.272268
1788.03	58.52713
1789.5	26.780272
1790.98	0.035136707
1792.45	32.288277
1793.92	16.541439
1795.4	36.796303
1796.87	31.049444
1798.34	45.302586
1799.8199	37.557449
