401.78799	275.129614142857
403.60501	294.443933428571
405.422	330.613674857143
407.23801	375.5026
409.05399	420.218823142857
410.86899	455.585141714286
414.49799	466.830993428571
416.31201	443.035412
418.12601	411.033443428571
419.93799	377.371579428571
421.75101	344.300765142857
423.56299	316.202244571429
425.37399	296.725506571429
427.185	283.389149428571
428.996	270.834469714286
430.806	254.686852285714
432.61499	235.63109
434.42499	214.697938571429
438.04099	178.767635428571
439.849	170.007825142857
441.65601	167.975910285714
443.46301	170.660974571429
445.26901	173.817783142857
447.07501	175.732851714286
448.88	174.665545714286
450.685	170.705294571429
452.48901	163.262944857143
454.293	153.579412857143
456.09601	142.865487428571
457.89899	131.541876571429
461.504	108.736148171429
463.30499	96.76244
465.10599	84.0045714285714
466.90701	72.0996484
468.707	61.331897
470.50601	53.3183855714286
472.30499	47.0963296
474.104	43.8723779714286
475.90201	41.8310268285714
477.70001	40.8482835428571
479.49701	39.7157705142857
481.29401	39.3322366285714
484.88599	37.9153903714286
486.681	36.8165718
488.47601	35.3527492285714
490.26999	33.9036174
492.064	34.9915411428571
493.858	40.3128201428571
495.651	49.7851482571428
497.44299	62.0767675428571
499.23499	75.0923405142857
501.02701	86.9417674857143
502.81799	95.4702726857143
506.39899	108.322475828571
508.18799	115.842243714286
509.978	123.746138857143
511.76599	132.550121142857
513.55499	141.811662857143
515.34198	151.676899428571
517.13	162.160112
518.91602	173.792480571429
520.703	186.59934
522.48901	200.518917428571
524.27399	216.335092857143
526.05902	233.488187714286
529.62799	263.339064571429
531.41101	274.80678
533.19501	283.323196571429
534.97699	291.012842285714
536.75897	301.665880285714
538.54102	319.530600571429
540.32202	343.003503142857
542.10303	368.987643714286
543.883	393.066907428571
545.66302	412.668578571429
547.44299	424.353516
549.22198	429.246096
552.77802	428.359246
554.55603	425.988901714286
556.33301	421.499587714286
558.10901	411.528707142857
559.88501	395.224783428571
561.66101	373.949853714286
563.43597	351.603712285714
565.211	331.131401714286
566.98499	317.533272285714
568.75897	311.317921714286
570.53302	310.962099714286
572.30499	311.963130285714
575.84998	307.507331714286
577.62097	300.237683142857
579.39203	291.773696857143
581.16302	287.01691
582.93298	289.683708
584.703	303.260608
586.47198	325.164483142857
588.24103	348.737455714286
590.00897	364.963394
591.77698	369.229390285714
593.54401	357.968918571429
597.078	293.253948285714
598.84399	253.073256857143
600.60901	212.572304571429
602.37402	172.226798571429
604.13898	135.101780285714
605.90302	104.719369771429
607.66699	80.7988913428572
609.42999	61.5597147428572
611.19299	48.2120504285714
612.95502	39.9844779714286
614.71698	33.5268278857143
616.47803	27.7311572285714
620	26.7341197142857
621.76001	31.6196865428571
623.51898	39.2538357142857
625.27802	48.9802369142857
627.03699	60.6715630857143
628.79498	75.0931868285714
630.55298	95.1784414571428
632.31	121.004990171429
634.06702	150.703691771429
635.823	180.659337714286
637.57898	207.077958
639.33502	221.838781142857
642.84399	202.099334857143
644.599	171.794642971429
646.35199	134.187272371429
648.10498	98.1414414
649.85797	71.8588839142857
651.60999	59.8254231142857
653.362	59.6401140285714
655.11401	69.0223130571428
656.86499	86.6756810285714
658.61499	111.062871942857
660.36499	137.720497885714
662.11499	164.525540857143
665.612	209.670150285714
667.36102	223.374129714286
669.10797	232.719745428571
670.85602	243.155549714286
672.60303	257.361264285714
674.349	273.719943142857
676.09497	291.614222285714
677.84003	310.711303714286
679.58502	329.486799714286
681.33002	344.813001714286
683.07397	357.034600571428
684.81799	367.200031428571
688.30402	388.122695142857
690.04602	406.009462
691.78802	431.102199714286
693.53003	459.401157428571
695.271	484.246568571429
697.01099	498.91974
698.75098	496.241564857143
700.49103	475.11309
702.22998	439.888796857143
703.96899	397.850837428571
705.70697	352.714027428571
709.18298	272.322910285714
710.91998	243.933956285714
712.65601	222.335266857143
714.39203	206.467250571429
716.12799	195.129751714286
717.86298	184.448746285714
719.59802	170.836048857143
721.33197	156.93381
723.06598	149.678445428571
724.79901	154.957658285714
726.53198	175.885872857143
728.26501	212.305118571429
731.72803	299.892118857143
733.46002	324.727776
735.19	327.619686571429
736.92102	309.977262
738.65002	277.106918285714
740.38	236.851994285714
742.10901	199.730252
743.83698	170.60919
745.565	149.269776285714
747.29303	132.36922
749.02002	118.620032028571
750.74701	104.550044942857
754.19897	70.0876394857143
755.92401	54.9811856857143
757.64899	43.7378854
759.37402	36.5553569714286
761.09802	32.2948211142857
762.82202	29.5767040571429
764.54498	24.44780292
766.26801	16.5731311342857
767.98999	8.86651320000001
769.71198	4.41293809142857
771.43298	3.49587654857143
773.15399	5.98553485714285
776.59497	22.22640542
778.315	36.2287028571428
780.034	53.8208791428571
781.75299	71.8455280571428
783.47101	84.6249368
785.18903	85.2697134285714
786.90601	70.8389352571429
788.62299	46.2646835428572
790.34003	22.7931732571429
792.05603	10.115674
793.77197	12.3700343428571
797.20203	48.3941082
798.91602	64.5513937428571
800.63	72.0825522857143
802.34399	74.791449
804.05701	78.1821947142857
805.77002	88.2878004
807.48199	109.968509885714
809.19397	144.241726142857
810.90503	187.300730857143
812.61603	237.071592857143
814.32599	293.331043714286
816.03601	352.541644285714
819.45502	451.162636571429
821.164	482.168836
822.87201	496.241576
824.58002	492.876478857143
826.28802	476.300517428571
827.995	452.123335142857
829.70099	423.819495714286
831.40698	392.979840571429
833.11298	360.512136857143
834.81799	329.518037428571
836.52301	302.177001428571
838.22699	277.269764
841.63501	220.106926571429
843.33801	188.45764
845.04102	158.641875428571
846.74298	133.013207428571
848.44501	115.927265428571
850.146	108.039750571429
851.84698	104.400458457143
853.54797	97.7326217714286
855.24799	84.8181177142857
856.94702	67.5296828
858.646	50.9946520571429
860.34497	39.3189614571429
863.742	36.0471081428571
865.43903	42.6886958285714
867.13599	50.3690849142857
868.83301	55.8634970571429
870.52899	59.9913894
872.22498	64.1064569714286
873.91998	68.4578323428571
875.61499	72.4575402857143
877.30902	79.4413492857143
879.00299	91.8521160285714
880.69702	109.726937
884.08301	158.047660571429
885.77502	183.316020285714
887.46698	201.932550857143
889.159	211.048706857143
890.84998	210.910823142857
892.53998	202.676230571429
894.23102	189.630224571429
895.91998	176.976938
897.60999	168.530690285714
899.29901	166.365768857143
900.987	172.057214571429
902.67499	186.556588
906.04999	230.575385428571
907.737	261.035244857143
909.42297	298.592299428571
911.10901	339.177525142857
912.79498	379.378163428571
914.47998	414.153417142857
916.164	434.584684571429
917.84802	432.944875428571
919.53198	409.822005714286
921.216	370.327832
922.89899	318.856785142857
924.58099	261.108918857143
927.94501	155.8590796
929.62598	117.367881257143
931.30701	92.8817328285715
932.987	83.0498535428572
934.66699	86.5052042571429
936.34698	97.8252522285714
938.026	114.538422428571
939.70502	132.248959714286
941.383	148.351916571429
943.06097	160.805742571429
944.73901	169.319114
946.41602	172.967418857143
949.76801	175.916057142857
951.44397	178.722307142857
953.11902	181.162602
954.79401	181.481237142857
956.46899	177.23137
958.14301	167.332080285714
959.81702	154.217141142857
961.48999	141.100264857143
963.16302	129.542177428571
964.83502	120.084972
966.50702	113.177660857143
969.84998	106.020966571429
971.521	111.876457714286
973.19098	132.221867714286
974.86102	171.685944571429
976.53003	232.451688285714
978.19897	315.968432285714
979.86798	418.212120857143
981.53601	529.253273714286
983.20398	633.182371142857
984.87097	713.123505714286
986.53802	752.432592857143
988.20502	743.086038857143
991.53699	594.868993428572
993.20203	488.343440571429
994.867	386.641658
996.53101	301.252105428571
998.19501	236.022426
999.85901	188.365364857143
1001.52	153.476177142857
1003.19	125.363684542857
1004.85	100.312696742857
1006.51	78.6600790285714
1008.17	64.0044724571429
1009.83	56.9193947428572
1013.15	56.7602476
1014.81	56.3357646571429
1016.47	50.6553222857143
1018.13	39.1264473714286
1019.79	27.4155737428571
1021.45	22.5589834857143
1023.11	28.6980513142857
1024.76	46.5073131142857
1026.42	76.6722254571428
1028.08	116.695257828571
1029.73	163.638267314286
1031.39	215.555168857143
1034.7	327.515196285714
1036.35	373.178981142857
1038.01	400.006896285714
1039.66	405.605117142857
1041.3199	388.547043142857
1042.97	354.042103142857
1044.62	313.321812857143
1046.27	283.220009142857
1047.92	273.971797428571
1049.58	288.487502285714
1051.23	322.283315142857
1054.53	416.672717428571
1056.1801	451.785155142857
1057.83	468.843321142857
1059.47	470.504371428571
1061.12	460.054543142857
1062.77	438.438496
1064.42	408.035296857143
1066.0699	371.704579428571
1067.71	332.965612857143
1069.36	293.649041714286
1071	255.272326857143
1072.65	218.369032571429
1075.9399	150.523225857143
1077.58	119.058830228571
1079.23	92.1109819714286
1080.87	77.0354129428572
1082.51	75.7829611428571
1084.16	82.4300933714286
1085.8	88.6376433142857
1087.4399	91.3726838857143
1089.08	89.9123836571429
1090.72	87.3431180285714
1092.36	89.4010372285714
1094	103.453112628571
1097.28	162.708408571429
1098.92	197.124328857143
1100.5601	232.046446857143
1102.2	266.407418
1103.84	300.442437142857
1105.47	331.920921142857
1107.11	359.974393714286
1108.75	379.727058285714
1110.38	388.480927714286
1112.02	387.163292
1113.65	380.936919142857
1115.29	373.011546
1118.5601	368.173963714286
1120.1899	375.226098857143
1121.83	386.080140571429
1123.46	401.347828285714
1125.09	420.185807142857
1126.72	441.139095142857
1128.35	459.316079428571
1129.99	476.585961714286
1131.62	492.730220571429
1133.25	509.895071428571
1134.88	529.665672857143
1136.51	562.131874571429
1139.77	673.943354571428
1141.39	752.597999714286
1143.02	847.828365142857
1144.65	954.416648285714
1146.28	1069.97996942857
1147.9	1191.20618428571
1149.53	1323.87051142857
1151.16	1465.51482571429
1152.78	1612.1277
1154.41	1752.93195714286
1156.03	1876.44037142857
1159.28	2007.43992
1160.9	1991.43826571429
1162.53	1918.92399142857
1164.15	1795.87888571429
1165.77	1633.01176857143
1167.4	1447.23130857143
1169.02	1257.93756714286
1170.64	1084.71959057143
1172.26	940.973330857143
1173.88	835.772006
1175.5	770.149543428571
1177.12	741.462392
1180.36	753.883927142857
1181.98	772.615355428572
1183.59	791.136421428571
1185.21	805.963471142857
1186.83	816.735748285714
1188.45	826.396607142857
1190.0601	840.559165714286
1191.6801	858.621197428571
1193.29	873.816030571429
1194.91	879.459092571429
1196.53	875.206175428571
1198.14	858.200925142857
1201.37	773.835090857143
1202.98	714.241482571429
1204.59	650.326466571429
1206.21	583.386054
1207.8199	519.139752571429
1209.4301	469.827623714286
1211.04	437.831754285714
1212.65	418.567075428571
1214.26	408.468094285714
1215.87	409.122065142857
1217.48	415.450776571429
1219.09	422.895696857143
1222.3101	463.914341142857
1223.92	506.786863714286
1225.53	562.265665714286
1227.13	630.604770571429
1228.74	713.611381142857
1230.35	809.808508285714
1231.95	920.345265428571
1233.5601	1048.22109657143
1235.17	1191.78659742857
1236.77	1342.32464857143
1238.38	1487.49997142857
1241.58	1709.68052
1243.1899	1766.92412
1244.79	1784.40854857143
1246.39	1763.75640857143
1248	1711.25192
1249.6	1634.34988571429
1251.2	1542.40325428571
1252.8	1444.48907142857
1254.4	1351.39953142857
1256	1272.14968571429
1257.6	1217.97302
1259.2	1194.55276571429
1262.4	1250.62886571429
1264	1325.45807142857
1265.6	1426.91882285714
1267.1899	1548.54950857143
1268.79	1680.37616285714
1270.39	1816.94065714286
1271.98	1952.51627142857
1273.58	2082.91417428571
1275.1801	2200.62921142857
1276.77	2304.98417142857
1278.37	2390.70928
1279.96	2451.66611714286
1283.15	2474.93416285714
1284.74	2442.36357142857
1286.34	2387.82267142857
1287.9301	2315.53146285714
1289.52	2231.77770571429
1291.11	2141.93897714286
1292.7	2048.04600857143
1294.3	1947.79633714286
1295.89	1841.35035142857
1297.48	1731.58234285714
1299.0699	1620.86169428571
1300.66	1512.45726571429
1303.83	1334.65057714286
1305.42	1275.88161714286
1307.01	1237.90408571429
1308.6	1219.52774571429
1310.1899	1217.78868571429
1311.77	1225.92918285714
1313.36	1241.20234285714
1314.95	1261.81498857143
1316.53	1281.54491428571
1318.12	1291.25005142857
1319.7	1286.94876857143
1322.87	1219.51826285714
1324.45	1157.09791428571
1326.04	1087.49609971429
1327.62	1019.46798857143
1329.2	960.449350571429
1330.79	914.021019428571
1332.37	880.103151142857
1333.95	853.644504285714
1335.53	834.613550857143
1337.11	822.057378
1338.6899	813.918458857143
1340.27	806.805936857143
1343.4301	808.597067714286
1345.01	817.739752
1346.59	831.419484571429
1348.17	852.925762
1349.74	876.147116285714
1351.3199	893.955219142857
1352.9	903.207631142857
1354.47	910.770916285714
1356.05	921.423535714286
1357.63	938.527837714286
1359.2	963.935363428571
1360.78	1000.29477657143
1363.9301	1078.22593828571
1365.5	1107.96884571429
1367.0699	1133.51116857143
1368.65	1155.40962857143
1370.22	1174.04669714286
1371.79	1190.51224571429
1373.36	1209.49391142857
1374.9399	1229.31867714286
1376.51	1246.61487714286
1378.08	1260.66640571429
1379.65	1274.54246571429
1381.22	1289.19015714286
1384.36	1315.09026857143
1385.9301	1322.6434
1387.5	1324.16495428571
1389.0601	1317.59794857143
1390.63	1300.88441428571
1392.2	1277.49756571429
1393.77	1252.77804
1395.33	1228.80262285714
1396.9	1204.75486857143
1398.47	1185.7307
1400.03	1178.56718571429
1403.16	1219.79382285714
1404.73	1278.34335142857
1406.29	1365.45183428571
1407.85	1477.07345714286
1409.42	1602.14371714286
1410.98	1728.79363714286
1412.54	1840.20875714286
1414.1	1925.71504571429
1415.67	1979.28998
1417.23	2000.73082857143
1418.79	1991.04395428571
1420.35	1961.31432571429
1423.47	1874.42694857143
1425.03	1822.13399428571
1426.59	1768.44964571429
1428.15	1712.58920571429
1429.71	1648.39531714286
1431.26	1574.441
1432.8199	1495.47658
1434.38	1414.75281714286
1435.9399	1333.36835714286
1437.49	1256.78732
1439.05	1189.29663428571
1440.61	1129.56799714286
1443.72	1023.70798685714
1445.27	978.977446
1446.83	937.57088
1448.38	897.169142571429
1449.9301	859.487615714286
1451.49	826.913006285714
1453.04	799.492810285714
1454.59	776.024101428571
1456.15	755.926470857143
1457.7	738.274802
1459.25	719.273191428572
1460.8	696.285867142857
1463.9	644.7888
1465.45	624.606756
1467	612.648736285714
1468.55	608.200559428572
1470.1	608.609996571429
1471.65	609.261583142857
1473.2	606.201919714286
1474.74	596.760446
1476.29	583.879761428571
1477.84	572.623556857143
1479.38	568.904249142857
1482.48	588.581030285714
1484.02	608.217779714286
1485.5699	630.140264571428
1487.11	651.645058
1488.66	673.162742285714
1490.2	696.640316285714
1491.74	723.983668571429
1493.29	757.952915714286
1494.83	796.581554285714
1496.37	838.914599428571
1497.92	881.107767714286
1499.46	921.516791428572
1502.54	986.957903142857
1504.08	1013.452406
1505.62	1040.42273285714
1507.16	1072.26188857143
1508.7	1114.68708
1510.24	1173.57013142857
1511.78	1252.89814285714
1513.3199	1350.56032
1514.86	1464.64351714286
1516.4	1591.12241714286
1517.9301	1720.25703142857
1519.47	1840.88208857143
1522.54	2029.59330857143
1524.08	2093.33734571429
1525.62	2135.79224285714
1527.15	2163.1064
1528.6899	2182.32522571429
1530.22	2191.55601714286
1531.75	2183.79571142857
1533.29	2153.99691714286
1534.8199	2103.68882571429
1536.36	2032.41489428571
1537.89	1944.52836857143
1539.42	1847.70728571429
1542.48	1662.04304571429
1544.02	1576.33817714286
1545.55	1495.44558571429
1547.08	1424.15333428571
1548.61	1362.56362
1550.14	1308.16948285714
1551.67	1256.52528
1553.2	1207.74546
1554.73	1159.44831714286
1556.25	1112.24425142857
1557.78	1072.86034571429
1560.84	1052.79880571429
1562.36	1073.18634571429
1563.89	1108.63825714286
1565.42	1153.86259714286
1566.9399	1198.97305428571
1568.47	1234.03734285714
1569.99	1256.80563428571
1571.52	1268.09042
1573.04	1269.62438571429
1574.5699	1262.26790857143
1576.09	1253.60261428571
1577.62	1254.15392571429
1580.66	1321.00156
1582.1801	1397.35346571429
1583.71	1509.08973428571
1585.23	1661.86839428571
1586.75	1855.64578571429
1588.27	2082.77094857143
1589.79	2332.29708857143
1591.3101	2589.37262857143
1592.83	2824.61730857143
1594.35	3000.68083428571
1595.87	3088.81441142857
1597.39	3076.07204
1600.42	2758.52434857143
1601.9399	2491.52912
1603.46	2196.92059714286
1604.98	1902.53226
1606.49	1623.84308571429
1608.01	1370.54781514286
1609.53	1147.769962
1611.04	953.811511142857
1612.5601	785.751693714286
1614.0699	644.413787714286
1615.59	529.841897142857
1617.1	440.396416
1620.13	327.950672
1621.64	298.026346
1623.15	275.360695714286
1624.67	256.293139142857
1626.1801	239.059216571429
1627.6899	221.093687714286
1629.2	202.190517428571
1630.71	186.745100285714
1632.22	177.346184857143
1633.73	170.718916
1635.24	163.179108285714
1636.75	154.636831714286
1639.77	134.856054571429
1641.28	126.567238571429
1642.79	124.228612571429
1644.3	126.359267142857
1645.8	128.803482571429
1647.3101	129.639962285714
1648.8199	128.785275428571
1650.3199	125.972509714286
1651.83	121.586247142857
1653.34	117.458545428571
1654.84	114.823506285714
1657.85	107.691333428571
1659.36	103.781184171429
1660.86	99.8626670285714
1662.36	93.9953550857143
1663.87	86.4818043714286
1665.37	77.6220336
1666.87	68.4567654285714
1668.37	61.0146090571429
1669.88	60.0779160857143
1671.38	66.3752595714286
1672.88	77.2412245142857
1674.38	87.9789935714286
1677.38	95.8841351428571
1678.88	88.2720482857143
1680.38	75.9442862571429
1681.88	62.3494490857143
1683.38	49.6728396285714
1684.88	38.9890765142857
1686.37	33.8107182285714
1687.87	34.249262
1689.37	39.8152723714286
1690.87	47.8495829428571
1692.36	58.5622058285714
1693.86	67.0465580857143
1696.85	64.7347296857143
1698.35	56.2928032571429
1699.84	47.1760900857143
1701.34	41.0664058
1702.83	39.0155817428571
1704.3199	43.4238896285714
1705.8199	50.8403111428571
1707.3101	59.0141368571429
1708.8	64.0091335428571
1710.3	67.0787204857143
1711.79	68.2130377142857
1713.28	67.4506628571429
1716.26	58.7194136
1717.75	52.1886962571429
1719.24	47.2534140285714
1720.73	44.5343117428571
1722.22	45.4930478857143
1723.71	47.6377997428571
1725.2	49.0798748857143
1726.6899	48.5342890857143
1728.1801	46.6876229714286
1729.67	45.4879731428571
1731.15	47.2903289714286
1734.13	57.2720317142857
1735.61	57.4643756857143
1737.1	52.9581417142857
1738.59	46.3785915714286
1740.0699	41.4382465714286
1741.5601	40.1070235142857
1743.04	42.8047002571429
1744.53	47.0758875714286
1746.01	48.7635674285714
1747.5	46.1146772285714
1748.98	41.6848148571429
1750.46	38.4340695714286
1753.4301	43.0700687428571
1754.91	49.3753965428571
1756.39	55.7704903142857
1757.87	61.5173862
1759.35	65.2532176285714
1760.84	66.431257
1762.3199	63.7382145714286
1763.8	57.9674741428571
1765.28	50.7802370285714
1766.76	44.4128313428571
1768.23	40.5561208
1769.71	39.2539607142857
1772.67	41.9649454571429
1774.15	43.5745002571429
1775.62	44.9430849428571
1777.1	48.1354197142857
1778.58	54.5088472285714
1780.05	60.8780040571429
1781.53	64.0947114285714
1783.01	64.8620503428571
1784.48	64.6511124
1785.96	62.5283811714286
1787.4301	59.7981872
1788.91	59.0959325428571
1791.85	63.9959734
1793.33	65.9224157428571
1794.8	68.5565978
1796.27	72.3582002
1797.74	76.6817062
1799.22	80.4347136999999
